1751312563409 0.0 0
1751312575866 0.0 1
1751312588343 0.0 2
1751312600773 0.0 3
1751312629057 0.0 4
1751312651739 0.0 5
1751312659663 0.0 6
1751312672022 0.0 7
1751312683522 0.0 8
1751312714856 0.0 9
1751312727304 0.0 10
1751312740249 0.0 11
1751312757454 0.0 12
1751312768996 0.0 13
1751312787406 0.0 14
1751312800011 0.0 15
1751312816062 0.0 16
1751312828366 0.0 17
1751312847597 0.0 18
1751312860190 0.0 19
1751312875633 0.0 20
1751312893525 0.0 21
1751312907677 0.0 22
1751312917472 0.0 23
1751312934883 0.0 24
1751312957105 0.0 25
1751312964928 0.0 26
1751312976873 0.0 27
1751313001134 0.0 28
1751313027038 0.0 29
1751313040091 0.0 30
1751313052786 0.0 31
1751313063935 0.0 32
1751313089914 0.0 33
1751313097806 0.0 34
1751313110078 0.0 35
1751313123229 0.0 36
1751313157412 0.0 37
1751313165432 0.0 38
1751313173208 0.0 39
1751313181129 0.0 40
1751313223938 0.0 41
1751313236917 0.0 42
1751313249626 0.0 43
1751313260134 0.0 44
1751313280885 0.0 45
1751313293377 0.0 46
1751313304544 0.0 47
1751313318655 0.0 48
1751313337545 0.0 49
1751313345228 0.0 50
1751313361348 0.0 51
1751313375614 0.0 52
1751313396631 0.0 53
1751313421139 0.0 54
1751313430679 0.0 55
1751313443260 0.0 56
1751313455601 0.0 57
1751313485004 0.0 58
1751313497660 0.0 59
1751313510276 0.0 60
1751313523212 0.0 61
1751313550152 0.0 62
1751313562696 0.0 63
1751313570550 0.0 64
1751313580743 0.0 65
1751313611805 0.0 66
1751313619986 0.0 67
1751313632860 0.0 68
1751313645552 0.0 69
1751313681779 0.0 70
1751313694501 0.0 71
1751313706276 0.0 72
1751313714954 0.0 73
1751313748350 0.0 74
1751313761016 0.0 75
1751313771971 0.0 76
1751313784548 0.0 77
1751313809924 0.0 78
1751313817365 0.0 79
1751313824561 0.0 80
1751313831700 0.0 81
1751313834885 0.0 82
1751314144404 0.0 82
1751314210272 1.0 83
1751314222787 1.0 84
1751314235164 1.0 85
1751314248064 1.0 86
1751314281514 1.0 87
1751314294189 1.0 88
1751314306885 1.0 89
1751314319321 1.0 90
1751314347266 1.0 91
1751314360248 1.0 92
1751314372829 1.0 93
1751314385424 1.0 94
1751314407893 1.0 95
1751314415588 1.0 96
1751314423326 1.0 97
1751314431287 1.0 98
1751314466596 1.0 99
1751314479103 1.0 100
1751314491604 1.0 101
1751314499845 1.0 102
1751314522328 1.0 103
1751314530329 1.0 104
1751314539907 1.0 105
1751314552505 1.0 106
1751314582927 1.0 107
1751314592190 1.0 108
1751314603973 1.0 109
1751314616336 1.0 110
1751314654397 1.0 111
1751314666883 1.0 112
1751314679429 1.0 113
1751314689676 1.0 114
1751314711355 1.0 115
1751314727549 1.0 116
1751314740413 1.0 117
1751314753740 1.0 118
1751314772494 1.0 119
1751314802402 1.0 120
1751314810406 1.0 121
1751314818179 1.0 122
1751314836752 1.0 123
1751314869098 1.0 124
1751314881657 1.0 125
1751314894002 1.0 126
1751314906576 1.0 127
1751314927406 1.0 128
1751314940084 1.0 129
1751314953066 1.0 130
1751314965654 1.0 131
1751314982922 1.0 132
1751314993979 1.0 133
1751315003143 1.0 134
1751315026855 1.0 135
1751315042403 1.0 136
1751315054990 1.0 137
1751315067580 1.0 138
1751315092523 1.0 139
1751315104967 1.0 140
1751315117331 1.0 141
1751315130209 1.0 142
1751315152772 1.0 143
1751315165167 1.0 144
1751315177604 1.0 145
1751315186747 1.0 146
1751315214975 1.0 147
1751315227811 1.0 148
1751315240100 1.0 149
1751315252428 1.0 150
1751315276871 1.0 151
1751315290942 1.0 152
1751315303258 1.0 153
1751315315851 1.0 154
1751315338227 1.0 155
1751315362527 1.0 156
1751315374970 1.0 157
1751315387307 1.0 158
1751315394999 1.0 159
1751315423853 1.0 160
1751315431190 1.0 161
1751315438590 1.0 162
1751315445776 1.0 163
1751315474439 1.0 164
1751315477602 1.0 165
1751315774117 1.0 165
1751315840028 2.0 166
1751315852743 2.0 167
1751315865093 2.0 168
1751315877534 2.0 169
1751315902539 2.0 170
1751315910155 2.0 171
1751315917758 2.0 172
1751315930412 2.0 173
1751315964429 2.0 174
1751315979841 2.0 175
1751315992054 2.0 176
1751316004285 2.0 177
1751316022414 2.0 178
1751316049500 2.0 179
1751316061038 2.0 180
1751316073406 2.0 181
1751316087153 2.0 182
1751316108435 2.0 183
1751316120721 2.0 184
1751316128322 2.0 185
1751316152032 2.0 186
1751316166980 2.0 187
1751316176390 2.0 188
1751316188742 2.0 189
1751316209217 2.0 190
1751316236581 2.0 191
1751316245396 2.0 192
1751316254519 2.0 193
1751316266969 2.0 194
1751316298868 2.0 195
1751316307954 2.0 196
1751316315676 2.0 197
1751316323559 2.0 198
1751316358936 2.0 199
1751316370792 2.0 200
1751316382986 2.0 201
1751316395234 2.0 202
1751316421678 2.0 203
1751316432147 2.0 204
1751316439710 2.0 205
1751316448736 2.0 206
1751316476279 2.0 207
1751316488711 2.0 208
1751316500969 2.0 209
1751316510367 2.0 210
1751316533829 2.0 211
1751316545952 2.0 212
1751316558463 2.0 213
1751316570733 2.0 214
1751316593576 2.0 215
1751316606177 2.0 216
1751316619582 2.0 217
1751316631000 2.0 218
1751316652170 2.0 219
1751316664442 2.0 220
1751316676703 2.0 221
1751316693456 2.0 222
1751316710398 2.0 223
1751316722675 2.0 224
1751316735041 2.0 225
1751316757751 2.0 226
1751316773614 2.0 227
1751316785945 2.0 228
1751316798613 2.0 229
1751316827122 2.0 230
1751316836401 2.0 231
1751316848919 2.0 232
1751316861360 2.0 233
1751316886072 2.0 234
1751316898840 2.0 235
1751316911187 2.0 236
1751316923676 2.0 237
1751316942712 2.0 238
1751316958042 2.0 239
1751316970453 2.0 240
1751316983230 2.0 241
1751317006463 2.0 242
1751317014254 2.0 243
1751317022011 2.0 244
1751317029495 2.0 245
1751317059548 2.0 246
1751317066694 2.0 247
1751317070130 2.0 248
1751317375611 2.0 248
1751317442087 3.0 249
1751317454492 3.0 250
1751317466842 3.0 251
1751317479093 3.0 252
1751317496601 3.0 253
1751317515848 3.0 254
1751317524593 3.0 255
1751317532181 3.0 256
1751317551119 3.0 257
1751317572346 3.0 258
1751317584783 3.0 259
1751317594926 3.0 260
1751317613839 3.0 261
1751317639687 3.0 262
1751317652306 3.0 263
1751317664853 3.0 264
1751317677429 3.0 265
1751317696227 3.0 266
1751317709229 3.0 267
1751317720336 3.0 268
1751317737153 3.0 269
1751317758312 3.0 270
1751317766068 3.0 271
1751317773821 3.0 272
1751317808148 3.0 273
1751317821008 3.0 274
1751317834323 3.0 275
1751317847681 3.0 276
1751317867412 3.0 277
1751317883971 3.0 278
1751317897026 3.0 279
1751317909525 3.0 280
1751317931712 3.0 281
1751317939317 3.0 282
1751317954041 3.0 283
1751317965092 3.0 284
1751318007372 3.0 285
1751318018802 3.0 286
1751318026596 3.0 287
1751318035856 3.0 288
1751318072431 3.0 289
1751318083008 3.0 290
1751318095580 3.0 291
1751318103776 3.0 292
1751318130549 3.0 293
1751318143257 3.0 294
1751318155299 3.0 295
1751318167736 3.0 296
1751318197030 3.0 297
1751318208425 3.0 298
1751318220950 3.0 299
1751318233514 3.0 300
1751318248703 3.0 301
1751318256406 3.0 302
1751318277719 3.0 303
1751318289379 3.0 304
1751318309842 3.0 305
1751318318790 3.0 306
1751318336275 3.0 307
1751318344108 3.0 308
1751318372792 3.0 309
1751318385810 3.0 310
1751318398169 3.0 311
1751318410795 3.0 312
1751318443918 3.0 313
1751318453249 3.0 314
1751318462445 3.0 315
1751318475252 3.0 316
1751318509278 3.0 317
1751318521843 3.0 318
1751318532695 3.0 319
1751318543302 3.0 320
1751318573512 3.0 321
1751318585137 3.0 322
1751318599390 3.0 323
1751318607286 3.0 324
1751318631222 3.0 325
1751318638959 3.0 326
1751318661693 3.0 327
1751318669278 3.0 328
1751318691694 3.0 329
1751318698866 3.0 330
1751318701995 3.0 331
1751318998063 3.0 331
1751319065084 4.0 332
1751319073166 4.0 333
1751319082373 4.0 334
1751319094518 4.0 335
1751319127942 4.0 336
1751319140392 4.0 337
1751319148747 4.0 338
1751319156557 4.0 339
1751319189022 4.0 340
1751319197055 4.0 341
1751319209989 4.0 342
1751319222630 4.0 343
1751319253978 4.0 344
1751319272617 4.0 345
1751319285257 4.0 346
1751319295249 4.0 347
1751319317833 4.0 348
1751319337912 4.0 349
1751319349515 4.0 350
1751319357396 4.0 351
1751319380343 4.0 352
1751319407440 4.0 353
1751319417659 4.0 354
1751319426668 4.0 355
1751319437242 4.0 356
1751319476554 4.0 357
1751319484362 4.0 358
1751319492090 4.0 359
1751319505349 4.0 360
1751319531213 4.0 361
1751319539025 4.0 362
1751319548232 4.0 363
1751319559372 4.0 364
1751319595538 4.0 365
1751319605859 4.0 366
1751319614328 4.0 367
1751319626929 4.0 368
1751319659228 4.0 369
1751319669495 4.0 370
1751319681928 4.0 371
1751319694931 4.0 372
1751319729959 4.0 373
1751319742643 4.0 374
1751319755219 4.0 375
1751319763219 4.0 376
1751319784631 4.0 377
1751319795756 4.0 378
1751319808571 4.0 379
1751319817108 4.0 380
1751319844997 4.0 381
1751319857392 4.0 382
1751319867124 4.0 383
1751319874941 4.0 384
1751319904271 4.0 385
1751319916845 4.0 386
1751319929136 4.0 387
1751319941753 4.0 388
1751319974578 4.0 389
1751319987075 4.0 390
1751320000002 4.0 391
1751320012428 4.0 392
1751320045319 4.0 393
1751320057784 4.0 394
1751320070296 4.0 395
1751320080671 4.0 396
1751320111592 4.0 397
1751320122065 4.0 398
1751320134324 4.0 399
1751320146687 4.0 400
1751320167497 4.0 401
1751320178603 4.0 402
1751320188976 4.0 403
1751320196531 4.0 404
1751320228149 4.0 405
1751320239217 4.0 406
1751320246817 4.0 407
1751320254862 4.0 408
1751320286730 4.0 409
1751320293995 4.0 410
1751320301197 4.0 411
1751320308393 4.0 412
1751320336978 4.0 413
1751320340132 4.0 414
1751320634933 4.0 414
1751320700955 5.0 415
1751320713751 5.0 416
1751320726194 5.0 417
1751320738647 5.0 418
1751320763988 5.0 419
1751320776457 5.0 420
1751320788942 5.0 421
1751320801638 5.0 422
1751320826351 5.0 423
1751320838699 5.0 424
1751320847732 5.0 425
1751320860133 5.0 426
1751320892396 5.0 427
1751320904742 5.0 428
1751320917565 5.0 429
1751320929846 5.0 430
1751320947313 5.0 431
1751320959678 5.0 432
1751320971977 5.0 433
1751320983485 5.0 434
1751321007157 5.0 435
1751321019424 5.0 436
1751321027176 5.0 437
1751321036064 5.0 438
1751321061585 5.0 439
1751321069298 5.0 440
1751321082612 5.0 441
1751321094941 5.0 442
1751321116340 5.0 443
1751321134138 5.0 444
1751321150782 5.0 445
1751321163023 5.0 446
1751321181263 5.0 447
1751321199067 5.0 448
1751321216390 5.0 449
1751321228818 5.0 450
1751321241295 5.0 451
1751321266739 5.0 452
1751321279420 5.0 453
1751321291773 5.0 454
1751321304337 5.0 455
1751321334538 5.0 456
1751321346764 5.0 457
1751321359040 5.0 458
1751321368016 5.0 459
1751321391145 5.0 460
1751321403398 5.0 461
1751321415809 5.0 462
1751321431042 5.0 463
1751321456855 5.0 464
1751321469051 5.0 465
1751321481783 5.0 466
1751321494022 5.0 467
1751321514798 5.0 468
1751321522459 5.0 469
1751321530116 5.0 470
1751321557742 5.0 471
1751321574361 5.0 472
1751321586759 5.0 473
1751321599144 5.0 474
1751321623891 5.0 475
1751321633024 5.0 476
1751321645366 5.0 477
1751321657967 5.0 478
1751321686698 5.0 479
1751321699009 5.0 480
1751321711373 5.0 481
1751321723660 5.0 482
1751321750558 5.0 483
1751321763295 5.0 484
1751321775454 5.0 485
1751321787698 5.0 486
1751321812964 5.0 487
1751321825397 5.0 488
1751321837789 5.0 489
1751321849320 5.0 490
1751321870366 5.0 491
1751321878003 5.0 492
1751321885614 5.0 493
1751321893403 5.0 494
1751321922452 5.0 495
1751321929854 5.0 496
1751321932989 5.0 497
1751322230144 5.0 497
1751322296389 6.0 498
1751322308586 6.0 499
1751322320947 6.0 500
1751322333350 6.0 501
1751322357034 6.0 502
1751322368338 6.0 503
1751322380809 6.0 504
1751322392946 6.0 505
1751322419224 6.0 506
1751322431665 6.0 507
1751322444063 6.0 508
1751322456888 6.0 509
1751322483057 6.0 510
1751322495505 6.0 511
1751322507926 6.0 512
1751322520447 6.0 513
1751322546838 6.0 514
1751322559766 6.0 515
1751322571030 6.0 516
1751322583656 6.0 517
1751322612357 6.0 518
1751322623831 6.0 519
1751322633095 6.0 520
1751322645590 6.0 521
1751322674972 6.0 522
1751322687558 6.0 523
1751322698411 6.0 524
1751322706308 6.0 525
1751322730100 6.0 526
1751322741191 6.0 527
1751322761651 6.0 528
1751322774163 6.0 529
1751322799995 6.0 530
1751322812743 6.0 531
1751322824137 6.0 532
1751322836692 6.0 533
1751322857495 6.0 534
1751322865467 6.0 535
1751322891541 6.0 536
1751322899439 6.0 537
1751322921071 6.0 538
1751322932281 6.0 539
1751322958742 6.0 540
1751322971355 6.0 541
1751322981324 6.0 542
1751322989072 6.0 543
1751323020165 6.0 544
1751323027963 6.0 545
1751323043503 6.0 546
1751323054807 6.0 547
1751323090735 6.0 548
1751323100042 6.0 549
1751323107841 6.0 550
1751323117047 6.0 551
1751323158096 6.0 552
1751323168042 6.0 553
1751323180523 6.0 554
1751323192888 6.0 555
1751323229141 6.0 556
1751323241820 6.0 557
1751323254287 6.0 558
1751323267304 6.0 559
1751323291510 6.0 560
1751323304029 6.0 561
1751323316503 6.0 562
1751323329172 6.0 563
1751323350547 6.0 564
1751323363506 6.0 565
1751323375481 6.0 566
1751323387924 6.0 567
1751323419094 6.0 568
1751323427515 6.0 569
1751323437115 6.0 570
1751323450265 6.0 571
1751323486815 6.0 572
1751323494462 6.0 573
1751323502138 6.0 574
1751323509873 6.0 575
1751323539781 6.0 576
1751323546917 6.0 577
1751323554320 6.0 578
1751323561464 6.0 579
1751323564597 6.0 580
1751323873510 6.0 580
1751323939784 7.0 581
1751323952349 7.0 582
1751323964878 7.0 583
1751323977696 7.0 584
1751324005056 7.0 585
1751324012831 7.0 586
1751324022465 7.0 587
1751324034018 7.0 588
1751324068393 7.0 589
1751324080968 7.0 590
1751324092748 7.0 591
1751324100541 7.0 592
1751324133983 7.0 593
1751324146563 7.0 594
1751324159017 7.0 595
1751324171482 7.0 596
1751324196784 7.0 597
1751324209340 7.0 598
1751324221961 7.0 599
1751324234557 7.0 600
1751324255968 7.0 601
1751324268682 7.0 602
1751324281725 7.0 603
1751324292365 7.0 604
1751324326747 7.0 605
1751324334919 7.0 606
1751324347667 7.0 607
1751324360331 7.0 608
1751324384692 7.0 609
1751324397308 7.0 610
1751324408718 7.0 611
1751324420580 7.0 612
1751324457062 7.0 613
1751324468928 7.0 614
1751324481940 7.0 615
1751324494497 7.0 616
1751324532650 7.0 617
1751324541945 7.0 618
1751324549727 7.0 619
1751324560761 7.0 620
1751324588893 7.0 621
1751324600922 7.0 622
1751324613117 7.0 623
1751324625752 7.0 624
1751324652794 7.0 625
1751324665433 7.0 626
1751324678484 7.0 627
1751324689475 7.0 628
1751324710232 7.0 629
1751324722900 7.0 630
1751324735452 7.0 631
1751324748117 7.0 632
1751324774217 7.0 633
1751324783464 7.0 634
1751324795963 7.0 635
1751324808507 7.0 636
1751324835062 7.0 637
1751324847622 7.0 638
1751324860149 7.0 639
1751324872916 7.0 640
1751324896214 7.0 641
1751324908884 7.0 642
1751324921395 7.0 643
1751324933826 7.0 644
1751324959496 7.0 645
1751324971809 7.0 646
1751324979513 7.0 647
1751324987106 7.0 648
1751325025454 7.0 649
1751325037893 7.0 650
1751325050411 7.0 651
1751325058369 7.0 652
1751325080976 7.0 653
1751325093289 7.0 654
1751325105620 7.0 655
1751325118132 7.0 656
1751325134673 7.0 657
1751325142674 7.0 658
1751325150325 7.0 659
1751325157673 7.0 660
1751325184244 7.0 661
1751325191331 7.0 662
1751325194458 7.0 663
1751325520902 7.0 663
1751325587188 8.0 664
1751325599976 8.0 665
1751325612192 8.0 666
1751325624446 8.0 667
1751325651776 8.0 668
1751325664177 8.0 669
1751325676457 8.0 670
1751325684485 8.0 671
1751325706844 8.0 672
1751325719200 8.0 673
1751325726895 8.0 674
1751325734830 8.0 675
1751325771360 8.0 676
1751325779410 8.0 677
1751325791924 8.0 678
1751325799651 8.0 679
1751325834989 8.0 680
1751325847514 8.0 681
1751325859981 8.0 682
1751325873003 8.0 683
1751325901361 8.0 684
1751325913782 8.0 685
1751325923162 8.0 686
1751325935936 8.0 687
1751325958734 8.0 688
1751325971259 8.0 689
1751325984112 8.0 690
1751325996827 8.0 691
1751326018647 8.0 692
1751326027994 8.0 693
1751326038167 8.0 694
1751326050843 8.0 695
1751326075292 8.0 696
1751326095377 8.0 697
1751326107836 8.0 698
1751326120541 8.0 699
1751326133309 8.0 700
1751326159903 8.0 701
1751326173035 8.0 702
1751326188129 8.0 703
1751326200369 8.0 704
1751326222876 8.0 705
1751326233343 8.0 706
1751326246184 8.0 707
1751326259219 8.0 708
1751326289445 8.0 709
1751326298700 8.0 710
1751326321939 8.0 711
1751326331866 8.0 712
1751326348763 8.0 713
1751326361345 8.0 714
1751326386688 8.0 715
1751326397933 8.0 716
1751326418966 8.0 717
1751326431596 8.0 718
1751326457928 8.0 719
1751326470190 8.0 720
1751326485049 8.0 721
1751326493589 8.0 722
1751326522380 8.0 723
1751326532850 8.0 724
1751326548835 8.0 725
1751326558830 8.0 726
1751326589234 8.0 727
1751326601808 8.0 728
1751326610118 8.0 729
1751326618217 8.0 730
1751326657971 8.0 731
1751326670322 8.0 732
1751326680134 8.0 733
1751326692575 8.0 734
1751326726437 8.0 735
1751326738155 8.0 736
1751326745820 8.0 737
1751326758255 8.0 738
1751326791230 8.0 739
1751326798739 8.0 740
1751326806128 8.0 741
1751326813593 8.0 742
1751326841978 8.0 743
1751326849174 8.0 744
1751326856679 8.0 745
1751326859882 8.0 746
1751327149528 8.0 746
1751327215683 9.0 747
1751327227930 9.0 748
1751327240289 9.0 749
1751327252669 9.0 750
1751327271973 9.0 751
1751327288007 9.0 752
1751327300371 9.0 753
1751327312814 9.0 754
1751327326100 9.0 755
1751327353171 9.0 756
1751327365401 9.0 757
1751327378198 9.0 758
1751327390653 9.0 759
1751327411894 9.0 760
1751327424249 9.0 761
1751327436611 9.0 762
1751327449000 9.0 763
1751327469092 9.0 764
1751327481504 9.0 765
1751327493888 9.0 766
1751327506243 9.0 767
1751327534787 9.0 768
1751327547100 9.0 769
1751327559315 9.0 770
1751327572158 9.0 771
1751327602241 9.0 772
1751327614515 9.0 773
1751327626961 9.0 774
1751327639456 9.0 775
1751327669236 9.0 776
1751327681904 9.0 777
1751327694107 9.0 778
1751327706256 9.0 779
1751327734544 9.0 780
1751327742200 9.0 781
1751327749870 9.0 782
1751327757807 9.0 783
1751327790980 9.0 784
1751327803247 9.0 785
1751327815613 9.0 786
1751327827912 9.0 787
1751327853302 9.0 788
1751327866062 9.0 789
1751327878421 9.0 790
1751327889755 9.0 791
1751327915644 9.0 792
1751327928023 9.0 793
1751327940404 9.0 794
1751327953172 9.0 795
1751327978101 9.0 796
1751327990435 9.0 797
1751328002791 9.0 798
1751328015188 9.0 799
1751328032904 9.0 800
1751328045255 9.0 801
1751328058110 9.0 802
1751328070525 9.0 803
1751328102933 9.0 804
1751328115331 9.0 805
1751328127783 9.0 806
1751328140258 9.0 807
1751328157848 9.0 808
1751328165650 9.0 809
1751328174765 9.0 810
1751328187080 9.0 811
1751328221013 9.0 812
1751328233691 9.0 813
1751328246542 9.0 814
1751328258994 9.0 815
1751328283996 9.0 816
1751328296153 9.0 817
1751328308529 9.0 818
1751328321039 9.0 819
1751328346294 9.0 820
1751328358600 9.0 821
1751328370964 9.0 822
1751328381377 9.0 823
1751328405059 9.0 824
1751328412397 9.0 825
1751328419737 9.0 826
1751328427312 9.0 827
1751328455876 9.0 828
1751328459009 9.0 829
1751328758044 9.0 829
1751328824410 10.0 830
1751328836818 10.0 831
1751328849225 10.0 832
1751328861767 10.0 833
1751328894008 10.0 834
1751328906399 10.0 835
1751328918594 10.0 836
1751328931105 10.0 837
1751328963641 10.0 838
1751328975800 10.0 839
1751328983444 10.0 840
1751328991221 10.0 841
1751329028492 10.0 842
1751329041031 10.0 843
1751329049113 10.0 844
1751329062193 10.0 845
1751329089035 10.0 846
1751329101576 10.0 847
1751329113292 10.0 848
1751329125750 10.0 849
1751329144149 10.0 850
1751329154453 10.0 851
1751329162593 10.0 852
1751329170416 10.0 853
1751329199179 10.0 854
1751329210519 10.0 855
1751329223037 10.0 856
1751329235645 10.0 857
1751329263741 10.0 858
1751329276482 10.0 859
1751329289107 10.0 860
1751329301758 10.0 861
1751329319047 10.0 862
1751329331583 10.0 863
1751329342294 10.0 864
1751329351573 10.0 865
1751329383518 10.0 866
1751329396038 10.0 867
1751329408541 10.0 868
1751329416986 10.0 869
1751329442709 10.0 870
1751329455935 10.0 871
1751329468603 10.0 872
1751329481162 10.0 873
1751329500035 10.0 874
1751329517113 10.0 875
1751329525323 10.0 876
1751329537917 10.0 877
1751329565906 10.0 878
1751329587547 10.0 879
1751329600135 10.0 880
1751329612754 10.0 881
1751329628363 10.0 882
1751329647762 10.0 883
1751329662675 10.0 884
1751329671971 10.0 885
1751329688947 10.0 886
1751329705793 10.0 887
1751329719538 10.0 888
1751329727589 10.0 889
1751329755046 10.0 890
1751329772641 10.0 891
1751329788404 10.0 892
1751329796696 10.0 893
1751329819495 10.0 894
1751329847952 10.0 895
1751329860158 10.0 896
1751329868106 10.0 897
1751329887769 10.0 898
1751329909129 10.0 899
1751329917912 10.0 900
1751329925980 10.0 901
1751329951965 10.0 902
1751329970416 10.0 903
1751329981229 10.0 904
1751329988976 10.0 905
1751330009316 10.0 906
1751330029678 10.0 907
1751330037188 10.0 908
1751330045063 10.0 909
1751330062750 10.0 910
1751330080953 10.0 911
1751330084094 10.0 912
1751330396518 10.0 912
1751330462756 11.0 913
1751330475501 11.0 914
1751330483219 11.0 915
1751330490806 11.0 916
1751330519013 11.0 917
1751330531424 11.0 918
1751330543705 11.0 919
1751330556497 11.0 920
1751330573455 11.0 921
1751330581339 11.0 922
1751330605383 11.0 923
1751330617801 11.0 924
1751330632124 11.0 925
1751330644881 11.0 926
1751330669881 11.0 927
1751330682213 11.0 928
1751330694686 11.0 929
1751330707094 11.0 930
1751330737980 11.0 931
1751330750840 11.0 932
1751330764726 11.0 933
1751330776966 11.0 934
1751330795657 11.0 935
1751330808012 11.0 936
1751330823123 11.0 937
1751330835583 11.0 938
1751330854173 11.0 939
1751330866451 11.0 940
1751330895338 11.0 941
1751330907538 11.0 942
1751330919703 11.0 943
1751330932087 11.0 944
1751330957306 11.0 945
1751330969612 11.0 946
1751330982346 11.0 947
1751330994619 11.0 948
1751331018991 11.0 949
1751331031275 11.0 950
1751331043962 11.0 951
1751331056461 11.0 952
1751331074181 11.0 953
1751331086477 11.0 954
1751331113619 11.0 955
1751331126124 11.0 956
1751331138656 11.0 957
1751331146275 11.0 958
1751331172434 11.0 959
1751331184739 11.0 960
1751331197289 11.0 961
1751331209766 11.0 962
1751331234147 11.0 963
1751331247017 11.0 964
1751331264870 11.0 965
1751331277287 11.0 966
1751331295964 11.0 967
1751331308267 11.0 968
1751331334428 11.0 969
1751331347149 11.0 970
1751331360133 11.0 971
1751331372451 11.0 972
1751331393079 11.0 973
1751331405343 11.0 974
1751331414586 11.0 975
1751331427172 11.0 976
1751331452817 11.0 977
1751331460633 11.0 978
1751331475832 11.0 979
1751331488205 11.0 980
1751331517881 11.0 981
1751331525838 11.0 982
1751331539520 11.0 983
1751331551961 11.0 984
1751331582793 11.0 985
1751331595166 11.0 986
1751331602755 11.0 987
1751331610695 11.0 988
1751331640596 11.0 989
1751331648103 11.0 990
1751331655489 11.0 991
1751331662817 11.0 992
1751331691770 11.0 993
1751331699215 11.0 994
1751331702378 11.0 995
1751332010760 11.0 995
1751332077408 12.0 996
1751332089664 12.0 997
1751332102072 12.0 998
1751332114322 12.0 999
1751332131623 12.0 1000
1751332144248 12.0 1001
1751332156542 12.0 1002
1751332168796 12.0 1003
1751332186297 12.0 1004
1751332204524 12.0 1005
1751332225865 12.0 1006
1751332238686 12.0 1007
1751332251164 12.0 1008
1751332273041 12.0 1009
1751332285636 12.0 1010
1751332298204 12.0 1011
1751332310473 12.0 1012
1751332343803 12.0 1013
1751332356427 12.0 1014
1751332369138 12.0 1015
1751332380484 12.0 1016
1751332403498 12.0 1017
1751332416102 12.0 1018
1751332429063 12.0 1019
1751332441535 12.0 1020
1751332468253 12.0 1021
1751332477975 12.0 1022
1751332490103 12.0 1023
1751332499512 12.0 1024
1751332526977 12.0 1025
1751332538077 12.0 1026
1751332545893 12.0 1027
1751332560596 12.0 1028
1751332598818 12.0 1029
1751332611466 12.0 1030
1751332624111 12.0 1031
1751332634358 12.0 1032
1751332654251 12.0 1033
1751332666903 12.0 1034
1751332679542 12.0 1035
1751332688781 12.0 1036
1751332720401 12.0 1037
1751332728510 12.0 1038
1751332736337 12.0 1039
1751332744149 12.0 1040
1751332790452 12.0 1041
1751332802237 12.0 1042
1751332814886 12.0 1043
1751332827655 12.0 1044
1751332853529 12.0 1045
1751332863513 12.0 1046
1751332871209 12.0 1047
1751332879004 12.0 1048
1751332915697 12.0 1049
1751332928111 12.0 1050
1751332941057 12.0 1051
1751332952845 12.0 1052
1751332970601 12.0 1053
1751332983196 12.0 1054
1751332994010 12.0 1055
1751333001765 12.0 1056
1751333041546 12.0 1057
1751333050516 12.0 1058
1751333063182 12.0 1059
1751333071004 12.0 1060
1751333104213 12.0 1061
1751333115186 12.0 1062
1751333128119 12.0 1063
1751333140852 12.0 1064
1751333162015 12.0 1065
1751333174739 12.0 1066
1751333187216 12.0 1067
1751333196108 12.0 1068
1751333230982 12.0 1069
1751333239934 12.0 1070
1751333249786 12.0 1071
1751333257652 12.0 1072
1751333290011 12.0 1073
1751333298085 12.0 1074
1751333305881 12.0 1075
1751333313070 12.0 1076
1751333342094 12.0 1077
1751333345221 12.0 1078
1751333643190 12.0 1078
1751333710245 13.0 1079
1751333721282 13.0 1080
1751333731370 13.0 1081
1751333744300 13.0 1082
1751333780826 13.0 1083
1751333793377 13.0 1084
1751333805952 13.0 1085
1751333818318 13.0 1086
1751333850417 13.0 1087
1751333858550 13.0 1088
1751333870398 13.0 1089
1751333882900 13.0 1090
1751333921095 13.0 1091
1751333933640 13.0 1092
1751333945182 13.0 1093
1751333954729 13.0 1094
1751333985494 13.0 1095
1751333998006 13.0 1096
1751334010606 13.0 1097
1751334023325 13.0 1098
1751334041778 13.0 1099
1751334054578 13.0 1100
1751334066178 13.0 1101
1751334074158 13.0 1102
1751334104286 13.0 1103
1751334117002 13.0 1104
1751334127080 13.0 1105
1751334136330 13.0 1106
1751334166399 13.0 1107
1751334177785 13.0 1108
1751334190493 13.0 1109
1751334203198 13.0 1110
1751334221204 13.0 1111
1751334233015 13.0 1112
1751334245265 13.0 1113
1751334258017 13.0 1114
1751334290324 13.0 1115
1751334303035 13.0 1116
1751334315736 13.0 1117
1751334323777 13.0 1118
1751334348574 13.0 1119
1751334361174 13.0 1120
1751334373789 13.0 1121
1751334381765 13.0 1122
1751334417597 13.0 1123
1751334425344 13.0 1124
1751334434862 13.0 1125
1751334447324 13.0 1126
1751334476990 13.0 1127
1751334489439 13.0 1128
1751334501846 13.0 1129
1751334514317 13.0 1130
1751334532557 13.0 1131
1751334544806 13.0 1132
1751334557189 13.0 1133
1751334569629 13.0 1134
1751334591579 13.0 1135
1751334604017 13.0 1136
1751334616575 13.0 1137
1751334629401 13.0 1138
1751334662285 13.0 1139
1751334674764 13.0 1140
1751334687246 13.0 1141
1751334699762 13.0 1142
1751334737258 13.0 1143
1751334750036 13.0 1144
1751334762331 13.0 1145
1751334774834 13.0 1146
1751334797165 13.0 1147
1751334809492 13.0 1148
1751334820171 13.0 1149
1751334832958 13.0 1150
1751334850281 13.0 1151
1751334858116 13.0 1152
1751334865855 13.0 1153
1751334873685 13.0 1154
1751334902136 13.0 1155
1751334909906 13.0 1156
1751334917285 13.0 1157
1751334924660 13.0 1158
1751334953418 13.0 1159
1751334960572 13.0 1160
1751334963724 13.0 1161
1751335271673 13.0 1161
1751335337549 14.0 1162
1751335345677 14.0 1163
1751335358097 14.0 1164
1751335368203 14.0 1165
1751335393735 14.0 1166
1751335406081 14.0 1167
1751335418409 14.0 1168
1751335431141 14.0 1169
1751335448098 14.0 1170
1751335477537 14.0 1171
1751335489962 14.0 1172
1751335502456 14.0 1173
1751335510235 14.0 1174
1751335537897 14.0 1175
1751335550955 14.0 1176
1751335563506 14.0 1177
1751335576086 14.0 1178
1751335603541 14.0 1179
1751335616099 14.0 1180
1751335628650 14.0 1181
1751335641598 14.0 1182
1751335658753 14.0 1183
1751335671153 14.0 1184
1751335682196 14.0 1185
1751335689933 14.0 1186
1751335728892 14.0 1187
1751335741798 14.0 1188
1751335754379 14.0 1189
1751335766914 14.0 1190
1751335789801 14.0 1191
1751335800888 14.0 1192
1751335813440 14.0 1193
1751335824425 14.0 1194
1751335852819 14.0 1195
1751335865341 14.0 1196
1751335877860 14.0 1197
1751335890379 14.0 1198
1751335915687 14.0 1199
1751335928789 14.0 1200
1751335938291 14.0 1201
1751335953440 14.0 1202
1751335976864 14.0 1203
1751335984528 14.0 1204
1751335994124 14.0 1205
1751336022403 14.0 1206
1751336037339 14.0 1207
1751336046703 14.0 1208
1751336057431 14.0 1209
1751336085450 14.0 1210
1751336106900 14.0 1211
1751336117351 14.0 1212
1751336130406 14.0 1213
1751336143073 14.0 1214
1751336180046 14.0 1215
1751336188167 14.0 1216
1751336196012 14.0 1217
1751336203834 14.0 1218
1751336250962 14.0 1219
1751336260391 14.0 1220
1751336268219 14.0 1221
1751336276105 14.0 1222
1751336308597 14.0 1223
1751336320961 14.0 1224
1751336333344 14.0 1225
1751336345767 14.0 1226
1751336375356 14.0 1227
1751336388008 14.0 1228
1751336400686 14.0 1229
1751336413349 14.0 1230
1751336432266 14.0 1231
1751336444825 14.0 1232
1751336456667 14.0 1233
1751336466471 14.0 1234
1751336491740 14.0 1235
1751336501307 14.0 1236
1751336509073 14.0 1237
1751336517156 14.0 1238
1751336544360 14.0 1239
1751336552014 14.0 1240
1751336559674 14.0 1241
1751336574396 14.0 1242
1751336595893 14.0 1243
1751336599339 14.0 1244
1751336902991 14.0 1244
1751336969058 15.0 1245
1751336981371 15.0 1246
1751336993788 15.0 1247
1751337006187 15.0 1248
1751337025186 15.0 1249
1751337037780 15.0 1250
1751337050138 15.0 1251
1751337062543 15.0 1252
1751337084835 15.0 1253
1751337097119 15.0 1254
1751337109471 15.0 1255
1751337118692 15.0 1256
1751337142044 15.0 1257
1751337154236 15.0 1258
1751337166547 15.0 1259
1751337174566 15.0 1260
1751337199772 15.0 1261
1751337207738 15.0 1262
1751337224965 15.0 1263
1751337247670 15.0 1264
1751337260123 15.0 1265
1751337272493 15.0 1266
1751337281618 15.0 1267
1751337320772 15.0 1268
1751337333193 15.0 1269
1751337345608 15.0 1270
1751337357926 15.0 1271
1751337374866 15.0 1272
1751337391626 15.0 1273
1751337404018 15.0 1274
1751337416666 15.0 1275
1751337439373 15.0 1276
1751337451970 15.0 1277
1751337464352 15.0 1278
1751337476625 15.0 1279
1751337498836 15.0 1280
1751337511500 15.0 1281
1751337523808 15.0 1282
1751337536119 15.0 1283
1751337560836 15.0 1284
1751337581319 15.0 1285
1751337593716 15.0 1286
1751337601903 15.0 1287
1751337627219 15.0 1288
1751337646012 15.0 1289
1751337658344 15.0 1290
1751337670753 15.0 1291
1751337702161 15.0 1292
1751337714134 15.0 1293
1751337726539 15.0 1294
1751337738938 15.0 1295
1751337767191 15.0 1296
1751337777928 15.0 1297
1751337786977 15.0 1298
1751337799255 15.0 1299
1751337825727 15.0 1300
1751337837110 15.0 1301
1751337849454 15.0 1302
1751337861966 15.0 1303
1751337882477 15.0 1304
1751337901571 15.0 1305
1751337909665 15.0 1306
1751337917372 15.0 1307
1751337944850 15.0 1308
1751337962320 15.0 1309
1751337974513 15.0 1310
1751337986830 15.0 1311
1751337999584 15.0 1312
1751338035452 15.0 1313
1751338043369 15.0 1314
1751338055789 15.0 1315
1751338068152 15.0 1316
1751338091824 15.0 1317
1751338104657 15.0 1318
1751338117078 15.0 1319
1751338127681 15.0 1320
1751338151216 15.0 1321
1751338158827 15.0 1322
1751338166005 15.0 1323
1751338173547 15.0 1324
1751338202917 15.0 1325
1751338210092 15.0 1326
1751338213252 15.0 1327
1751338525683 15.0 1327
1751338592213 16.0 1328
1751338604572 16.0 1329
1751338616791 16.0 1330
1751338629515 16.0 1331
1751338654465 16.0 1332
1751338666892 16.0 1333
1751338679238 16.0 1334
1751338691740 16.0 1335
1751338715832 16.0 1336
1751338732851 16.0 1337
1751338745351 16.0 1338
1751338757833 16.0 1339
1751338776379 16.0 1340
1751338795186 16.0 1341
1751338807549 16.0 1342
1751338820491 16.0 1343
1751338833243 16.0 1344
1751338858561 16.0 1345
1751338871152 16.0 1346
1751338883801 16.0 1347
1751338896268 16.0 1348
1751338922082 16.0 1349
1751338934506 16.0 1350
1751338945180 16.0 1351
1751338954991 16.0 1352
1751338984797 16.0 1353
1751338994226 16.0 1354
1751339007085 16.0 1355
1751339018987 16.0 1356
1751339045341 16.0 1357
1751339057748 16.0 1358
1751339070238 16.0 1359
1751339082238 16.0 1360
1751339101739 16.0 1361
1751339114352 16.0 1362
1751339126284 16.0 1363
1751339143857 16.0 1364
1751339170163 16.0 1365
1751339182706 16.0 1366
1751339194933 16.0 1367
1751339203276 16.0 1368
1751339237086 16.0 1369
1751339249022 16.0 1370
1751339261746 16.0 1371
1751339274433 16.0 1372
1751339301985 16.0 1373
1751339314996 16.0 1374
1751339327538 16.0 1375
1751339340216 16.0 1376
1751339366160 16.0 1377
1751339378798 16.0 1378
1751339391423 16.0 1379
1751339404302 16.0 1380
1751339427236 16.0 1381
1751339435206 16.0 1382
1751339444903 16.0 1383
1751339461963 16.0 1384
1751339492032 16.0 1385
1751339505066 16.0 1386
1751339514601 16.0 1387
1751339524329 16.0 1388
1751339553923 16.0 1389
1751339566538 16.0 1390
1751339579110 16.0 1391
1751339593193 16.0 1392
1751339616147 16.0 1393
1751339628482 16.0 1394
1751339641147 16.0 1395
1751339652308 16.0 1396
1751339677145 16.0 1397
1751339685295 16.0 1398
1751339693131 16.0 1399
1751339715837 16.0 1400
1751339745774 16.0 1401
1751339758295 16.0 1402
1751339770655 16.0 1403
1751339782701 16.0 1404
1751339804779 16.0 1405
1751339812175 16.0 1406
1751339819505 16.0 1407
1751339827318 16.0 1408
1751339855862 16.0 1409
1751339859015 16.0 1410
1751340166153 16.0 1410
1751340233247 17.0 1411
1751340245528 17.0 1412
1751340257789 17.0 1413
1751340270241 17.0 1414
1751340295320 17.0 1415
1751340307595 17.0 1416
1751340319862 17.0 1417
1751340332581 17.0 1418
1751340357663 17.0 1419
1751340370109 17.0 1420
1751340382491 17.0 1421
1751340391460 17.0 1422
1751340424626 17.0 1423
1751340437433 17.0 1424
1751340449655 17.0 1425
1751340462058 17.0 1426
1751340481059 17.0 1427
1751340493522 17.0 1428
1751340505961 17.0 1429
1751340518640 17.0 1430
1751340542721 17.0 1431
1751340555071 17.0 1432
1751340567289 17.0 1433
1751340575090 17.0 1434
1751340607810 17.0 1435
1751340620565 17.0 1436
1751340632900 17.0 1437
1751340645276 17.0 1438
1751340672398 17.0 1439
1751340684568 17.0 1440
1751340696787 17.0 1441
1751340709320 17.0 1442
1751340736306 17.0 1443
1751340748767 17.0 1444
1751340761212 17.0 1445
1751340773547 17.0 1446
1751340795750 17.0 1447
1751340808280 17.0 1448
1751340821041 17.0 1449
1751340833471 17.0 1450
1751340849943 17.0 1451
1751340862409 17.0 1452
1751340870118 17.0 1453
1751340879169 17.0 1454
1751340904122 17.0 1455
1751340916539 17.0 1456
1751340928908 17.0 1457
1751340941282 17.0 1458
1751340958338 17.0 1459
1751340970739 17.0 1460
1751340989987 17.0 1461
1751341002176 17.0 1462
1751341023448 17.0 1463
1751341035634 17.0 1464
1751341047932 17.0 1465
1751341069578 17.0 1466
1751341078966 17.0 1467
1751341091231 17.0 1468
1751341104531 17.0 1469
1751341133447 17.0 1470
1751341145853 17.0 1471
1751341158157 17.0 1472
1751341170900 17.0 1473
1751341203361 17.0 1474
1751341215764 17.0 1475
1751341228182 17.0 1476
1751341240805 17.0 1477
1751341262427 17.0 1478
1751341275041 17.0 1479
1751341287320 17.0 1480
1751341299708 17.0 1481
1751341328896 17.0 1482
1751341341341 17.0 1483
1751341353592 17.0 1484
1751341365924 17.0 1485
1751341383634 17.0 1486
1751341395898 17.0 1487
1751341407642 17.0 1488
1751341415155 17.0 1489
1751341436557 17.0 1490
1751341443681 17.0 1491
1751341451031 17.0 1492
1751341454182 17.0 1493
1751341747704 17.0 1493
1751341814333 18.0 1494
1751341826693 18.0 1495
1751341839006 18.0 1496
1751341851388 18.0 1497
1751341884995 18.0 1498
1751341897406 18.0 1499
1751341909741 18.0 1500
1751341921967 18.0 1501
1751341959128 18.0 1502
1751341971583 18.0 1503
1751341982642 18.0 1504
1751341990257 18.0 1505
1751342016965 18.0 1506
1751342029301 18.0 1507
1751342041530 18.0 1508
1751342053806 18.0 1509
1751342071428 18.0 1510
1751342084258 18.0 1511
1751342096744 18.0 1512
1751342109041 18.0 1513
1751342126138 18.0 1514
1751342133737 18.0 1515
1751342146126 18.0 1516
1751342158857 18.0 1517
1751342191100 18.0 1518
1751342203387 18.0 1519
1751342214834 18.0 1520
1751342222431 18.0 1521
1751342245961 18.0 1522
1751342258717 18.0 1523
1751342271125 18.0 1524
1751342283617 18.0 1525
1751342310426 18.0 1526
1751342322561 18.0 1527
1751342334977 18.0 1528
1751342347844 18.0 1529
1751342365259 18.0 1530
1751342372910 18.0 1531
1751342385186 18.0 1532
1751342397422 18.0 1533
1751342427478 18.0 1534
1751342440301 18.0 1535
1751342452688 18.0 1536
1751342465157 18.0 1537
1751342489848 18.0 1538
1751342502127 18.0 1539
1751342514519 18.0 1540
1751342527261 18.0 1541
1751342552270 18.0 1542
1751342564746 18.0 1543
1751342577314 18.0 1544
1751342589554 18.0 1545
1751342614206 18.0 1546
1751342627025 18.0 1547
1751342634776 18.0 1548
1751342642503 18.0 1549
1751342672830 18.0 1550
1751342685095 18.0 1551
1751342692809 18.0 1552
1751342700458 18.0 1553
1751342727639 18.0 1554
1751342739980 18.0 1555
1751342752618 18.0 1556
1751342764837 18.0 1557
1751342796499 18.0 1558
1751342808942 18.0 1559
1751342821553 18.0 1560
1751342833872 18.0 1561
1751342861308 18.0 1562
1751342873683 18.0 1563
1751342886014 18.0 1564
1751342898520 18.0 1565
1751342928492 18.0 1566
1751342940872 18.0 1567
1751342953232 18.0 1568
1751342965613 18.0 1569
1751342982241 18.0 1570
1751342991477 18.0 1571
1751342999180 18.0 1572
1751343006591 18.0 1573
1751343029948 18.0 1574
1751343037067 18.0 1575
1751343040220 18.0 1576
1751343338054 18.0 1576
1751343403804 19.0 1577
1751343416182 19.0 1578
1751343429016 19.0 1579
1751343441408 19.0 1580
1751343458475 19.0 1581
1751343470725 19.0 1582
1751343483212 19.0 1583
1751343495462 19.0 1584
1751343523468 19.0 1585
1751343535797 19.0 1586
1751343548212 19.0 1587
1751343560636 19.0 1588
1751343588419 19.0 1589
1751343597709 19.0 1590
1751343610107 19.0 1591
1751343623202 19.0 1592
1751343649913 19.0 1593
1751343657723 19.0 1594
1751343670193 19.0 1595
1751343682849 19.0 1596
1751343721164 19.0 1597
1751343729988 19.0 1598
1751343737785 19.0 1599
1751343750215 19.0 1600
1751343781466 19.0 1601
1751343794022 19.0 1602
1751343806664 19.0 1603
1751343819649 19.0 1604
1751343836966 19.0 1605
1751343849546 19.0 1606
1751343862078 19.0 1607
1751343874735 19.0 1608
1751343898140 19.0 1609
1751343911089 19.0 1610
1751343923638 19.0 1611
1751343936091 19.0 1612
1751343970833 19.0 1613
1751343983482 19.0 1614
1751343996152 19.0 1615
1751344009258 19.0 1616
1751344034576 19.0 1617
1751344047283 19.0 1618
1751344059731 19.0 1619
1751344072413 19.0 1620
1751344100043 19.0 1621
1751344112992 19.0 1622
1751344125429 19.0 1623
1751344135344 19.0 1624
1751344164944 19.0 1625
1751344177523 19.0 1626
1751344190028 19.0 1627
1751344202520 19.0 1628
1751344221335 19.0 1629
1751344231491 19.0 1630
1751344239277 19.0 1631
1751344250375 19.0 1632
1751344281936 19.0 1633
1751344292182 19.0 1634
1751344301839 19.0 1635
1751344314550 19.0 1636
1751344347819 19.0 1637
1751344360375 19.0 1638
1751344373065 19.0 1639
1751344385665 19.0 1640
1751344411332 19.0 1641
1751344423861 19.0 1642
1751344435518 19.0 1643
1751344448182 19.0 1644
1751344477956 19.0 1645
1751344490310 19.0 1646
1751344503173 19.0 1647
1751344515666 19.0 1648
1751344532987 19.0 1649
1751344545599 19.0 1650
1751344558054 19.0 1651
1751344570640 19.0 1652
1751344594067 19.0 1653
1751344604337 19.0 1654
1751344618001 19.0 1655
1751344625556 19.0 1656
1751344642132 19.0 1657
1751344649320 19.0 1658
1751344652471 19.0 1659
1751344950299 19.0 1659
