1751312563409 0.17488409578800201 0
1751312575866 0.1583433449268341 1
1751312588343 0.16692855954170227 2
1751312600773 0.14943155646324158 3
1751312629057 0.1524375081062317 4
1751312651739 0.14790141582489014 5
1751312659663 0.14059819281101227 6
1751312672022 0.14747241139411926 7
1751312683522 0.15263234078884125 8
1751312714856 0.13381658494472504 9
1751312727304 0.14340437948703766 10
1751312740249 0.13850611448287964 11
1751312757454 0.1353021264076233 12
1751312768996 0.13462409377098083 13
1751312787406 0.12728062272071838 14
1751312800011 0.1518704891204834 15
1751312816062 0.13446080684661865 16
1751312828366 0.1293831616640091 17
1751312847597 0.12562060356140137 18
1751312860190 0.11493717133998871 19
1751312875633 0.11301169544458389 20
1751312893525 0.10339073836803436 21
1751312907677 0.10542614012956619 22
1751312917472 0.0910094603896141 23
1751312934883 0.09657680243253708 24
1751312957105 0.109718918800354 25
1751312964928 0.10142038017511368 26
1751312976873 0.09672980010509491 27
1751313001134 0.09489670395851135 28
1751313027038 0.09540577977895737 29
1751313040091 0.09432151913642883 30
1751313052786 0.09317317605018616 31
1751313063935 0.10069822520017624 32
1751313089914 0.08865524083375931 33
1751313097806 0.08997964859008789 34
1751313110078 0.09544971585273743 35
1751313123229 0.0923859179019928 36
1751313157412 0.10939030349254608 37
1751313165432 0.09506196528673172 38
1751313173208 0.09257994592189789 39
1751313181129 0.09706168621778488 40
1751313223938 0.0950738936662674 41
1751313236917 0.08933907747268677 42
1751313249626 0.09072834253311157 43
1751313260134 0.09243886917829514 44
1751313280885 0.08999165892601013 45
1751313293377 0.0889623612165451 46
1751313304544 0.09606340527534485 47
1751313318655 0.08641058206558228 48
1751313337545 0.10247296094894409 49
1751313345228 0.09094930440187454 50
1751313361348 0.10575547069311142 51
1751313375614 0.0963909924030304 52
1751313396631 0.09322421252727509 53
1751313421139 0.089591845870018 54
1751313430679 0.0908508449792862 55
1751313443260 0.09389902651309967 56
1751313455601 0.08141162246465683 57
1751313485004 0.09489673376083374 58
1751313497660 0.09133858978748322 59
1751313510276 0.08977246284484863 60
1751313523212 0.09198912978172302 61
1751313550152 0.0878751203417778 62
1751313562696 0.09062433242797852 63
1751313570550 0.09664904326200485 64
1751313580743 0.08479314297437668 65
1751313611805 0.08736184239387512 66
1751313619986 0.09139792621135712 67
1751313632860 0.08295422047376633 68
1751313645552 0.09151890873908997 69
1751313681779 0.08348818123340607 70
1751313694501 0.08783219754695892 71
1751313706276 0.07547049969434738 72
1751313714954 0.0909554585814476 73
1751313748350 0.08753129839897156 74
1751313761016 0.09982936084270477 75
1751313771971 0.08520606905221939 76
1751313784548 0.0891907811164856 77
1751313809924 0.092116579413414 78
1751313817365 0.08759164810180664 79
1751313824561 0.09308338910341263 80
1751313831700 0.08501242101192474 81
1751313834885 0.08181171864271164 82
1751314210272 0.07416451722383499 83
1751314222787 0.08538523316383362 84
1751314235164 0.09305838495492935 85
1751314248064 0.09071806073188782 86
1751314281514 0.08210988342761993 87
1751314294189 0.08292926847934723 88
1751314306885 0.08718639612197876 89
1751314319321 0.0855255201458931 90
1751314347266 0.0932110995054245 91
1751314360248 0.08242898434400558 92
1751314372829 0.08139041811227798 93
1751314385424 0.09473182260990143 94
1751314407893 0.09396229684352875 95
1751314415588 0.07534395158290863 96
1751314423326 0.08229570835828781 97
1751314431287 0.08728620409965515 98
1751314466596 0.09082282334566116 99
1751314479103 0.08424820005893707 100
1751314491604 0.08204595744609833 101
1751314499845 0.07939381152391434 102
1751314522328 0.09496330469846725 103
1751314530329 0.08613000065088272 104
1751314539907 0.08377116173505783 105
1751314552505 0.08326669782400131 106
1751314582927 0.08339596539735794 107
1751314592190 0.0862531065940857 108
1751314603973 0.08517611026763916 109
1751314616336 0.08694236725568771 110
1751314654397 0.08032121509313583 111
1751314666883 0.0785990059375763 112
1751314679429 0.08655446767807007 113
1751314689676 0.08829005062580109 114
1751314711355 0.08611276745796204 115
1751314727549 0.08599180728197098 116
1751314740413 0.09596914798021317 117
1751314753740 0.09137754887342453 118
1751314772494 0.10139339417219162 119
1751314802402 0.09738694876432419 120
1751314810406 0.09234544634819031 121
1751314818179 0.09361093491315842 122
1751314836752 0.10583014786243439 123
1751314869098 0.09380276501178741 124
1751314881657 0.09178227186203003 125
1751314894002 0.08749312162399292 126
1751314906576 0.0946793407201767 127
1751314927406 0.08137722313404083 128
1751314940084 0.08965902030467987 129
1751314953066 0.0933326855301857 130
1751314965654 0.09268581122159958 131
1751314982922 0.08044016361236572 132
1751314993979 0.08873628824949265 133
1751315003143 0.09678121656179428 134
1751315026855 0.08967987447977066 135
1751315042403 0.09172534942626953 136
1751315054990 0.07788428664207458 137
1751315067580 0.0883808434009552 138
1751315092523 0.07825548201799393 139
1751315104967 0.08804415166378021 140
1751315117331 0.09867676347494125 141
1751315130209 0.08791995048522949 142
1751315152772 0.08397476375102997 143
1751315165167 0.09469901025295258 144
1751315177604 0.08515169471502304 145
1751315186747 0.09212833642959595 146
1751315214975 0.0878964215517044 147
1751315227811 0.08619050681591034 148
1751315240100 0.08973634243011475 149
1751315252428 0.0878099799156189 150
1751315276871 0.08374761790037155 151
1751315290942 0.085390105843544 152
1751315303258 0.09832242131233215 153
1751315315851 0.08594066649675369 154
1751315338227 0.08946013450622559 155
1751315362527 0.08026159554719925 156
1751315374970 0.08873730152845383 157
1751315387307 0.09162013977766037 158
1751315394999 0.07634159177541733 159
1751315423853 0.07949376106262207 160
1751315431190 0.07407651841640472 161
1751315438590 0.08579438924789429 162
1751315445776 0.08437298238277435 163
1751315474439 0.08689149469137192 164
1751315477602 0.08788573741912842 165
1751315840028 0.08506129682064056 166
1751315852743 0.09149398654699326 167
1751315865093 0.08424288779497147 168
1751315877534 0.0850137248635292 169
1751315902539 0.08846765011548996 170
1751315910155 0.08830030262470245 171
1751315917758 0.0721568837761879 172
1751315930412 0.08254016935825348 173
1751315964429 0.0913160890340805 174
1751315979841 0.08628517389297485 175
1751315992054 0.08428224176168442 176
1751316004285 0.07940837740898132 177
1751316022414 0.07470851391553879 178
1751316049500 0.0898253321647644 179
1751316061038 0.08733353763818741 180
1751316073406 0.08771929889917374 181
1751316087153 0.0855158194899559 182
1751316108435 0.07770702242851257 183
1751316120721 0.07878579199314117 184
1751316128322 0.07804781943559647 185
1751316152032 0.09515789151191711 186
1751316166980 0.08623027801513672 187
1751316176390 0.07590239495038986 188
1751316188742 0.09265328198671341 189
1751316209217 0.08061232417821884 190
1751316236581 0.07817668467760086 191
1751316245396 0.08268582820892334 192
1751316254519 0.08518348634243011 193
1751316266969 0.08227705210447311 194
1751316298868 0.08950475603342056 195
1751316307954 0.08594992756843567 196
1751316315676 0.08122429251670837 197
1751316323559 0.08389153331518173 198
1751316358936 0.0885404497385025 199
1751316370792 0.0964474305510521 200
1751316382986 0.08808781206607819 201
1751316395234 0.09253274649381638 202
1751316421678 0.08937540650367737 203
1751316432147 0.08512319624423981 204
1751316439710 0.08138205856084824 205
1751316448736 0.07373091578483582 206
1751316476279 0.08435284346342087 207
1751316488711 0.08900731801986694 208
1751316500969 0.08668097108602524 209
1751316510367 0.08186553418636322 210
1751316533829 0.08043655753135681 211
1751316545952 0.07389505952596664 212
1751316558463 0.08379185944795609 213
1751316570733 0.07559218257665634 214
1751316593576 0.08439651876688004 215
1751316606177 0.08426778763532639 216
1751316619582 0.08939829468727112 217
1751316631000 0.07806847989559174 218
1751316652170 0.08457119017839432 219
1751316664442 0.0863473117351532 220
1751316676703 0.07933982461690903 221
1751316693456 0.08157447725534439 222
1751316710398 0.0783480852842331 223
1751316722675 0.08878044784069061 224
1751316735041 0.09323841333389282 225
1751316757751 0.09094539284706116 226
1751316773614 0.08508110046386719 227
1751316785945 0.08423390239477158 228
1751316798613 0.09284918010234833 229
1751316827122 0.08695117384195328 230
1751316836401 0.08806804567575455 231
1751316848919 0.0873728096485138 232
1751316861360 0.08331550657749176 233
1751316886072 0.08451757580041885 234
1751316898840 0.08278044313192368 235
1751316911187 0.07619135081768036 236
1751316923676 0.08164171874523163 237
1751316942712 0.08644416928291321 238
1751316958042 0.08879529684782028 239
1751316970453 0.07816718518733978 240
1751316983230 0.08442549407482147 241
1751317006463 0.08314058184623718 242
1751317014254 0.07492733001708984 243
1751317022011 0.085159532725811 244
1751317029495 0.0861874371767044 245
1751317059548 0.08316759020090103 246
1751317066694 0.08664499968290329 247
1751317070130 0.08138882368803024 248
1751317442087 0.08080688118934631 249
1751317454492 0.08640158176422119 250
1751317466842 0.08229335397481918 251
1751317479093 0.08547353744506836 252
1751317496601 0.08444363623857498 253
1751317515848 0.08112698048353195 254
1751317524593 0.0749024748802185 255
1751317532181 0.08196818828582764 256
1751317551119 0.08010325580835342 257
1751317572346 0.08048935234546661 258
1751317584783 0.08974360674619675 259
1751317594926 0.08315002918243408 260
1751317613839 0.09166352450847626 261
1751317639687 0.08052755147218704 262
1751317652306 0.08014152199029922 263
1751317664853 0.08818522095680237 264
1751317677429 0.09176577627658844 265
1751317696227 0.08848355710506439 266
1751317709229 0.07915152609348297 267
1751317720336 0.08463101089000702 268
1751317737153 0.06836532056331635 269
1751317758312 0.08289191871881485 270
1751317766068 0.08037206530570984 271
1751317773821 0.08567466586828232 272
1751317808148 0.07610636204481125 273
1751317821008 0.0812227800488472 274
1751317834323 0.08133632689714432 275
1751317847681 0.09307160973548889 276
1751317867412 0.08105528354644775 277
1751317883971 0.08253298699855804 278
1751317897026 0.08706899732351303 279
1751317909525 0.07273570448160172 280
1751317931712 0.0819719210267067 281
1751317939317 0.08644261956214905 282
1751317954041 0.08143959939479828 283
1751317965092 0.08437591791152954 284
1751318007372 0.07738631963729858 285
1751318018802 0.08659076690673828 286
1751318026596 0.07347027957439423 287
1751318035856 0.07517281174659729 288
1751318072431 0.09413550049066544 289
1751318083008 0.08312588930130005 290
1751318095580 0.08356209099292755 291
1751318103776 0.07895748317241669 292
1751318130549 0.08768898248672485 293
1751318143257 0.08571203798055649 294
1751318155299 0.07656672596931458 295
1751318167736 0.0846671536564827 296
1751318197030 0.08236581832170486 297
1751318208425 0.08462642133235931 298
1751318220950 0.07992233335971832 299
1751318233514 0.08137162774801254 300
1751318248703 0.09730986505746841 301
1751318256406 0.08068346232175827 302
1751318277719 0.09039177000522614 303
1751318289379 0.08192237466573715 304
1751318309842 0.08457759767770767 305
1751318318790 0.07237699627876282 306
1751318336275 0.0879112258553505 307
1751318344108 0.08469982445240021 308
1751318372792 0.08594091236591339 309
1751318385810 0.07558633387088776 310
1751318398169 0.0862751454114914 311
1751318410795 0.07612696290016174 312
1751318443918 0.07903846353292465 313
1751318453249 0.07950660586357117 314
1751318462445 0.07460972666740417 315
1751318475252 0.08910931646823883 316
1751318509278 0.07398378849029541 317
1751318521843 0.08011145144701004 318
1751318532695 0.07554677873849869 319
1751318543302 0.08202694356441498 320
1751318573512 0.0847734734416008 321
1751318585137 0.07292453944683075 322
1751318599390 0.0859537124633789 323
1751318607286 0.08473515510559082 324
1751318631222 0.08087346702814102 325
1751318638959 0.08759553730487823 326
1751318661693 0.08452964574098587 327
1751318669278 0.08081196248531342 328
1751318691694 0.08429577946662903 329
1751318698866 0.07909968495368958 330
1751318701995 0.06994215399026871 331
1751319065084 0.07870133966207504 332
1751319073166 0.08308829367160797 333
1751319082373 0.08074629306793213 334
1751319094518 0.08809955418109894 335
1751319127942 0.07957328110933304 336
1751319140392 0.08016622066497803 337
1751319148747 0.08059360086917877 338
1751319156557 0.0909949243068695 339
1751319189022 0.08115588873624802 340
1751319197055 0.07735663652420044 341
1751319209989 0.08345920592546463 342
1751319222630 0.07625612616539001 343
1751319253978 0.08810760825872421 344
1751319272617 0.0827910304069519 345
1751319285257 0.07717688381671906 346
1751319295249 0.07652212679386139 347
1751319317833 0.08579426258802414 348
1751319337912 0.08137648552656174 349
1751319349515 0.0816437229514122 350
1751319357396 0.08373366296291351 351
1751319380343 0.09063947200775146 352
1751319407440 0.07596204429864883 353
1751319417659 0.07723411917686462 354
1751319426668 0.07674188166856766 355
1751319437242 0.0829683467745781 356
1751319476554 0.07500553131103516 357
1751319484362 0.08213338255882263 358
1751319492090 0.07686734199523926 359
1751319505349 0.08462078869342804 360
1751319531213 0.08072684705257416 361
1751319539025 0.08336102962493896 362
1751319548232 0.08943650126457214 363
1751319559372 0.0739939883351326 364
1751319595538 0.07698803395032883 365
1751319605859 0.08885220438241959 366
1751319614328 0.09252618998289108 367
1751319626929 0.07401982694864273 368
1751319659228 0.08062929660081863 369
1751319669495 0.07547038048505783 370
1751319681928 0.08698122948408127 371
1751319694931 0.07845180481672287 372
1751319729959 0.07958536595106125 373
1751319742643 0.08361851423978806 374
1751319755219 0.0855981782078743 375
1751319763219 0.08725631237030029 376
1751319784631 0.07898472249507904 377
1751319795756 0.08067389577627182 378
1751319808571 0.08511219918727875 379
1751319817108 0.07572843879461288 380
1751319844997 0.07573831081390381 381
1751319857392 0.09211333096027374 382
1751319867124 0.07738466560840607 383
1751319874941 0.08267293125391006 384
1751319904271 0.08590241521596909 385
1751319916845 0.08150399476289749 386
1751319929136 0.08584298938512802 387
1751319941753 0.09198720008134842 388
1751319974578 0.07868951559066772 389
1751319987075 0.0782974511384964 390
1751320000002 0.08048349618911743 391
1751320012428 0.07646723836660385 392
1751320045319 0.08604864031076431 393
1751320057784 0.08090484142303467 394
1751320070296 0.08073874562978745 395
1751320080671 0.09075063467025757 396
1751320111592 0.09001943469047546 397
1751320122065 0.0771845281124115 398
1751320134324 0.08563373237848282 399
1751320146687 0.07936699688434601 400
1751320167497 0.0757833942770958 401
1751320178603 0.089875727891922 402
1751320188976 0.08066301792860031 403
1751320196531 0.08176697045564651 404
1751320228149 0.08313808590173721 405
1751320239217 0.08415713906288147 406
1751320246817 0.08390215039253235 407
1751320254862 0.08072283864021301 408
1751320286730 0.08813206106424332 409
1751320293995 0.0741252526640892 410
1751320301197 0.0781455934047699 411
1751320308393 0.07420804351568222 412
1751320336978 0.08024074882268906 413
1751320340132 0.07719577103853226 414
1751320700955 0.08031129837036133 415
1751320713751 0.08099353313446045 416
1751320726194 0.07437420636415482 417
1751320738647 0.08647014945745468 418
1751320763988 0.08616547286510468 419
1751320776457 0.08551986515522003 420
1751320788942 0.08447467535734177 421
1751320801638 0.08235107362270355 422
1751320826351 0.0707801952958107 423
1751320838699 0.08769281208515167 424
1751320847732 0.07542403787374496 425
1751320860133 0.0857069194316864 426
1751320892396 0.0745139792561531 427
1751320904742 0.07890994846820831 428
1751320917565 0.08768243342638016 429
1751320929846 0.07154504954814911 430
1751320947313 0.07276050746440887 431
1751320959678 0.08251267671585083 432
1751320971977 0.07785142213106155 433
1751320983485 0.08443209528923035 434
1751321007157 0.0834132581949234 435
1751321019424 0.0818796381354332 436
1751321027176 0.08548285067081451 437
1751321036064 0.08010436594486237 438
1751321061585 0.07911248505115509 439
1751321069298 0.0811353325843811 440
1751321082612 0.07683367282152176 441
1751321094941 0.07340948283672333 442
1751321116340 0.07947354018688202 443
1751321134138 0.07444286346435547 444
1751321150782 0.08058467507362366 445
1751321163023 0.07841514050960541 446
1751321181263 0.09199826419353485 447
1751321199067 0.08762843161821365 448
1751321216390 0.07668532431125641 449
1751321228818 0.07767492532730103 450
1751321241295 0.08964727818965912 451
1751321266739 0.08046402037143707 452
1751321279420 0.076286181807518 453
1751321291773 0.07529778778553009 454
1751321304337 0.08953522145748138 455
1751321334538 0.07902829349040985 456
1751321346764 0.08296030014753342 457
1751321359040 0.07556284964084625 458
1751321368016 0.08589640259742737 459
1751321391145 0.07927107810974121 460
1751321403398 0.08449999243021011 461
1751321415809 0.08002336323261261 462
1751321431042 0.08438028395175934 463
1751321456855 0.08308766782283783 464
1751321469051 0.09385791420936584 465
1751321481783 0.08950374275445938 466
1751321494022 0.08718143403530121 467
1751321514798 0.08263921737670898 468
1751321522459 0.08165937662124634 469
1751321530116 0.08191533386707306 470
1751321557742 0.07810390740633011 471
1751321574361 0.08597566932439804 472
1751321586759 0.08699992299079895 473
1751321599144 0.08504665642976761 474
1751321623891 0.08040382713079453 475
1751321633024 0.08105514943599701 476
1751321645366 0.08800902217626572 477
1751321657967 0.07815214991569519 478
1751321686698 0.0841446965932846 479
1751321699009 0.0826398953795433 480
1751321711373 0.08133973181247711 481
1751321723660 0.07413329929113388 482
1751321750558 0.0885811597108841 483
1751321763295 0.07546605914831161 484
1751321775454 0.07406292855739594 485
1751321787698 0.07485684752464294 486
1751321812964 0.08123704791069031 487
1751321825397 0.07718652486801147 488
1751321837789 0.08480363339185715 489
1751321849320 0.07303062826395035 490
1751321870366 0.08654966950416565 491
1751321878003 0.0875663086771965 492
1751321885614 0.08477305620908737 493
1751321893403 0.08500662446022034 494
1751321922452 0.07612264901399612 495
1751321929854 0.0842227190732956 496
1751321932989 0.07487029582262039 497
1751322296389 0.07580757141113281 498
1751322308586 0.07669685781002045 499
1751322320947 0.08773331344127655 500
1751322333350 0.08270282298326492 501
1751322357034 0.09089848399162292 502
1751322368338 0.09232257306575775 503
1751322380809 0.07691361755132675 504
1751322392946 0.08467243611812592 505
1751322419224 0.08064231276512146 506
1751322431665 0.07550864666700363 507
1751322444063 0.08370339125394821 508
1751322456888 0.07299245893955231 509
1751322483057 0.08135971426963806 510
1751322495505 0.08126672357320786 511
1751322507926 0.0905548483133316 512
1751322520447 0.07899750769138336 513
1751322546838 0.08449091762304306 514
1751322559766 0.08364114165306091 515
1751322571030 0.07278475910425186 516
1751322583656 0.08288310468196869 517
1751322612357 0.07836494594812393 518
1751322623831 0.0828394666314125 519
1751322633095 0.08983190357685089 520
1751322645590 0.08876511454582214 521
1751322674972 0.08054212480783463 522
1751322687558 0.08492706716060638 523
1751322698411 0.0738656297326088 524
1751322706308 0.07895658910274506 525
1751322730100 0.07813438773155212 526
1751322741191 0.07527922093868256 527
1751322761651 0.08804191648960114 528
1751322774163 0.07743938267230988 529
1751322799995 0.08040162920951843 530
1751322812743 0.07889693975448608 531
1751322824137 0.07827703654766083 532
1751322836692 0.08335764706134796 533
1751322857495 0.089220330119133 534
1751322865467 0.08274146914482117 535
1751322891541 0.08136452734470367 536
1751322899439 0.08120217174291611 537
1751322921071 0.08383730053901672 538
1751322932281 0.07711552083492279 539
1751322958742 0.08812490105628967 540
1751322971355 0.08829601854085922 541
1751322981324 0.08130470663309097 542
1751322989072 0.08303619921207428 543
1751323020165 0.07709629833698273 544
1751323027963 0.07650285214185715 545
1751323043503 0.08228687942028046 546
1751323054807 0.08188360184431076 547
1751323090735 0.07926461100578308 548
1751323100042 0.08024778217077255 549
1751323107841 0.08379360288381577 550
1751323117047 0.08280836045742035 551
1751323158096 0.07755441963672638 552
1751323168042 0.07818301022052765 553
1751323180523 0.07886430621147156 554
1751323192888 0.07578302174806595 555
1751323229141 0.07818678021430969 556
1751323241820 0.07095187157392502 557
1751323254287 0.08475808799266815 558
1751323267304 0.07412666827440262 559
1751323291510 0.09004908055067062 560
1751323304029 0.08393833786249161 561
1751323316503 0.07631446421146393 562
1751323329172 0.07675638794898987 563
1751323350547 0.07559952884912491 564
1751323363506 0.07632546126842499 565
1751323375481 0.08067423850297928 566
1751323387924 0.0875530019402504 567
1751323419094 0.07842590659856796 568
1751323427515 0.08342427015304565 569
1751323437115 0.0820031464099884 570
1751323450265 0.08203209191560745 571
1751323486815 0.0746782124042511 572
1751323494462 0.08570138365030289 573
1751323502138 0.07783681154251099 574
1751323509873 0.07914599776268005 575
1751323539781 0.07783715426921844 576
1751323546917 0.08005739748477936 577
1751323554320 0.07898707687854767 578
1751323561464 0.08564001321792603 579
1751323564597 0.09705660492181778 580
1751323939784 0.07389941066503525 581
1751323952349 0.0856635719537735 582
1751323964878 0.0746588334441185 583
1751323977696 0.08439626544713974 584
1751324005056 0.07236826419830322 585
1751324012831 0.07436521351337433 586
1751324022465 0.07979875057935715 587
1751324034018 0.08389777690172195 588
1751324068393 0.08363209664821625 589
1751324080968 0.07152843475341797 590
1751324092748 0.07757703959941864 591
1751324100541 0.07382668554782867 592
1751324133983 0.0828704684972763 593
1751324146563 0.0791049674153328 594
1751324159017 0.08083043247461319 595
1751324171482 0.08645051717758179 596
1751324196784 0.07912569493055344 597
1751324209340 0.08099549263715744 598
1751324221961 0.08029291778802872 599
1751324234557 0.08770088851451874 600
1751324255968 0.07920385152101517 601
1751324268682 0.08328527957201004 602
1751324281725 0.08384139090776443 603
1751324292365 0.08065363019704819 604
1751324326747 0.08650783449411392 605
1751324334919 0.07978133112192154 606
1751324347667 0.0743403360247612 607
1751324360331 0.07495976984500885 608
1751324384692 0.08780703693628311 609
1751324397308 0.08003939688205719 610
1751324408718 0.08143772184848785 611
1751324420580 0.089800164103508 612
1751324457062 0.08394037932157516 613
1751324468928 0.06544771045446396 614
1751324481940 0.08377883583307266 615
1751324494497 0.08300573378801346 616
1751324532650 0.08130595833063126 617
1751324541945 0.0828535258769989 618
1751324549727 0.08426392823457718 619
1751324560761 0.08183800429105759 620
1751324588893 0.07934849709272385 621
1751324600922 0.08156958222389221 622
1751324613117 0.080013208091259 623
1751324625752 0.07888894528150558 624
1751324652794 0.0891248807311058 625
1751324665433 0.08053115010261536 626
1751324678484 0.0842428058385849 627
1751324689475 0.08660346269607544 628
1751324710232 0.08602425456047058 629
1751324722900 0.0796007588505745 630
1751324735452 0.08203926682472229 631
1751324748117 0.08224470168352127 632
1751324774217 0.0901247188448906 633
1751324783464 0.07750464230775833 634
1751324795963 0.0819440558552742 635
1751324808507 0.07793498784303665 636
1751324835062 0.07151702046394348 637
1751324847622 0.07375452667474747 638
1751324860149 0.0791703537106514 639
1751324872916 0.08683045208454132 640
1751324896214 0.08108478784561157 641
1751324908884 0.07971791923046112 642
1751324921395 0.08208470046520233 643
1751324933826 0.07690124213695526 644
1751324959496 0.08335594832897186 645
1751324971809 0.08627601712942123 646
1751324979513 0.08489465713500977 647
1751324987106 0.09214753657579422 648
1751325025454 0.0771346315741539 649
1751325037893 0.08011900633573532 650
1751325050411 0.08161270618438721 651
1751325058369 0.07237136363983154 652
1751325080976 0.0857805609703064 653
1751325093289 0.07596065104007721 654
1751325105620 0.07442018389701843 655
1751325118132 0.0866699293255806 656
1751325134673 0.07922704517841339 657
1751325142674 0.07808027416467667 658
1751325150325 0.08802208304405212 659
1751325157673 0.08103248476982117 660
1751325184244 0.08363787829875946 661
1751325191331 0.0726243183016777 662
1751325194458 0.08847199380397797 663
1751325587188 0.07789956033229828 664
1751325599976 0.07963334023952484 665
1751325612192 0.0804244801402092 666
1751325624446 0.08260318636894226 667
1751325651776 0.08404514193534851 668
1751325664177 0.07153260707855225 669
1751325676457 0.08000601828098297 670
1751325684485 0.08161620795726776 671
1751325706844 0.08833099156618118 672
1751325719200 0.07849374413490295 673
1751325726895 0.07698836922645569 674
1751325734830 0.07819829881191254 675
1751325771360 0.08086416125297546 676
1751325779410 0.08225634694099426 677
1751325791924 0.08293287456035614 678
1751325799651 0.07824794203042984 679
1751325834989 0.08149503171443939 680
1751325847514 0.06989853829145432 681
1751325859981 0.07398360967636108 682
1751325873003 0.07034343481063843 683
1751325901361 0.0783587247133255 684
1751325913782 0.08884726464748383 685
1751325923162 0.07857950776815414 686
1751325935936 0.07317749410867691 687
1751325958734 0.08032210171222687 688
1751325971259 0.0741494745016098 689
1751325984112 0.0795445665717125 690
1751325996827 0.09105844795703888 691
1751326018647 0.08070679008960724 692
1751326027994 0.07945603132247925 693
1751326038167 0.08297864347696304 694
1751326050843 0.08184323459863663 695
1751326075292 0.07841755449771881 696
1751326095377 0.08332966268062592 697
1751326107836 0.08956444263458252 698
1751326120541 0.07947061955928802 699
1751326133309 0.08828146755695343 700
1751326159903 0.07000933587551117 701
1751326173035 0.07882468402385712 702
1751326188129 0.07066258043050766 703
1751326200369 0.0833691954612732 704
1751326222876 0.08550084382295609 705
1751326233343 0.07681343704462051 706
1751326246184 0.07541738450527191 707
1751326259219 0.07639943063259125 708
1751326289445 0.0822126641869545 709
1751326298700 0.07826603949069977 710
1751326321939 0.07889587432146072 711
1751326331866 0.07847446948289871 712
1751326348763 0.09044898301362991 713
1751326361345 0.08271118998527527 714
1751326386688 0.0898074060678482 715
1751326397933 0.08775569498538971 716
1751326418966 0.07733452320098877 717
1751326431596 0.08070681989192963 718
1751326457928 0.08618156611919403 719
1751326470190 0.07784564048051834 720
1751326485049 0.08721904456615448 721
1751326493589 0.08081497997045517 722
1751326522380 0.08422499895095825 723
1751326532850 0.0778750404715538 724
1751326548835 0.08665058016777039 725
1751326558830 0.08061790466308594 726
1751326589234 0.07675791531801224 727
1751326601808 0.08068374544382095 728
1751326610118 0.08242635428905487 729
1751326618217 0.08872532099485397 730
1751326657971 0.08296747505664825 731
1751326670322 0.08137167990207672 732
1751326680134 0.08507845550775528 733
1751326692575 0.07935646921396255 734
1751326726437 0.07455085963010788 735
1751326738155 0.08335401117801666 736
1751326745820 0.0850256085395813 737
1751326758255 0.09225614368915558 738
1751326791230 0.08051126450300217 739
1751326798739 0.0832100361585617 740
1751326806128 0.0841015875339508 741
1751326813593 0.07035239785909653 742
1751326841978 0.08121025562286377 743
1751326849174 0.081382155418396 744
1751326856679 0.0833556205034256 745
1751326859882 0.06954669207334518 746
1751327215683 0.0809803381562233 747
1751327227930 0.08306027948856354 748
1751327240289 0.07755739986896515 749
1751327252669 0.07815741002559662 750
1751327271973 0.08071479201316833 751
1751327288007 0.08660827577114105 752
1751327300371 0.09006374329328537 753
1751327312814 0.08225574344396591 754
1751327326100 0.07378897815942764 755
1751327353171 0.08832108229398727 756
1751327365401 0.07031147181987762 757
1751327378198 0.08889811486005783 758
1751327390653 0.08608517050743103 759
1751327411894 0.09687454998493195 760
1751327424249 0.08201472461223602 761
1751327436611 0.08174238353967667 762
1751327449000 0.07936558127403259 763
1751327469092 0.07925710082054138 764
1751327481504 0.07243317365646362 765
1751327493888 0.080357626080513 766
1751327506243 0.07867657393217087 767
1751327534787 0.0844854936003685 768
1751327547100 0.0880175530910492 769
1751327559315 0.07707355916500092 770
1751327572158 0.08708418905735016 771
1751327602241 0.07476138323545456 772
1751327614515 0.07712864875793457 773
1751327626961 0.08370526134967804 774
1751327639456 0.07241605967283249 775
1751327669236 0.08071071654558182 776
1751327681904 0.07876443862915039 777
1751327694107 0.07885318994522095 778
1751327706256 0.07915148138999939 779
1751327734544 0.08808302134275436 780
1751327742200 0.07143169641494751 781
1751327749870 0.0770474374294281 782
1751327757807 0.09046100080013275 783
1751327790980 0.08031299710273743 784
1751327803247 0.08179767429828644 785
1751327815613 0.08642379939556122 786
1751327827912 0.08234576880931854 787
1751327853302 0.07962240278720856 788
1751327866062 0.08667128533124924 789
1751327878421 0.08105339854955673 790
1751327889755 0.08549761772155762 791
1751327915644 0.07659737020730972 792
1751327928023 0.07978865504264832 793
1751327940404 0.08581216633319855 794
1751327953172 0.0809432864189148 795
1751327978101 0.07271704077720642 796
1751327990435 0.06984460353851318 797
1751328002791 0.07371195405721664 798
1751328015188 0.07947182655334473 799
1751328032904 0.07945292443037033 800
1751328045255 0.06568347662687302 801
1751328058110 0.07991982251405716 802
1751328070525 0.0849686786532402 803
1751328102933 0.08431681990623474 804
1751328115331 0.08898469805717468 805
1751328127783 0.08092233538627625 806
1751328140258 0.08155203610658646 807
1751328157848 0.0845276340842247 808
1751328165650 0.0751149132847786 809
1751328174765 0.0835527628660202 810
1751328187080 0.08667410165071487 811
1751328221013 0.07757623493671417 812
1751328233691 0.0846722349524498 813
1751328246542 0.07793089747428894 814
1751328258994 0.06955079734325409 815
1751328283996 0.08251626789569855 816
1751328296153 0.08012444525957108 817
1751328308529 0.08152320235967636 818
1751328321039 0.07669642567634583 819
1751328346294 0.07564715296030045 820
1751328358600 0.07184702903032303 821
1751328370964 0.07685534656047821 822
1751328381377 0.08819927275180817 823
1751328405059 0.08843901753425598 824
1751328412397 0.08091004192829132 825
1751328419737 0.08354860544204712 826
1751328427312 0.08202088624238968 827
1751328455876 0.07549230754375458 828
1751328459009 0.06734684109687805 829
1751328824410 0.09095944464206696 830
1751328836818 0.08387395739555359 831
1751328849225 0.0912068635225296 832
1751328861767 0.08020898699760437 833
1751328894008 0.08028103411197662 834
1751328906399 0.07700421661138535 835
1751328918594 0.07572078704833984 836
1751328931105 0.07497057318687439 837
1751328963641 0.07894150167703629 838
1751328975800 0.07545516639947891 839
1751328983444 0.07948993891477585 840
1751328991221 0.08314362168312073 841
1751329028492 0.08107034862041473 842
1751329041031 0.08196720480918884 843
1751329049113 0.08116759359836578 844
1751329062193 0.07784464955329895 845
1751329089035 0.08249889314174652 846
1751329101576 0.08207182586193085 847
1751329113292 0.07250861823558807 848
1751329125750 0.07753463089466095 849
1751329144149 0.07799018174409866 850
1751329154453 0.08496449142694473 851
1751329162593 0.08329874277114868 852
1751329170416 0.0884082168340683 853
1751329199179 0.07151903212070465 854
1751329210519 0.07866805046796799 855
1751329223037 0.09023389965295792 856
1751329235645 0.08377251774072647 857
1751329263741 0.08156456053256989 858
1751329276482 0.08050302416086197 859
1751329289107 0.0890788584947586 860
1751329301758 0.06695839017629623 861
1751329319047 0.08355705440044403 862
1751329331583 0.08696597814559937 863
1751329342294 0.078978031873703 864
1751329351573 0.07822687923908234 865
1751329383518 0.07762524485588074 866
1751329396038 0.08008641004562378 867
1751329408541 0.08266719430685043 868
1751329416986 0.08558216691017151 869
1751329442709 0.08602137118577957 870
1751329455935 0.08426536619663239 871
1751329468603 0.082228884100914 872
1751329481162 0.07501194626092911 873
1751329500035 0.0864611566066742 874
1751329517113 0.07809184491634369 875
1751329525323 0.07595375180244446 876
1751329537917 0.08385440707206726 877
1751329565906 0.07738047093153 878
1751329587547 0.08702785521745682 879
1751329600135 0.08042697608470917 880
1751329612754 0.08125670999288559 881
1751329628363 0.07949060946702957 882
1751329647762 0.08755123615264893 883
1751329662675 0.07436345517635345 884
1751329671971 0.07492312043905258 885
1751329688947 0.07669638842344284 886
1751329705793 0.07650966197252274 887
1751329719538 0.08353730291128159 888
1751329727589 0.0742223784327507 889
1751329755046 0.08353152871131897 890
1751329772641 0.07221534848213196 891
1751329788404 0.08762232959270477 892
1751329796696 0.08158524334430695 893
1751329819495 0.07650427520275116 894
1751329847952 0.08511982858181 895
1751329860158 0.08079172670841217 896
1751329868106 0.07930943369865417 897
1751329887769 0.07985103130340576 898
1751329909129 0.07885506004095078 899
1751329917912 0.07329057157039642 900
1751329925980 0.07272130995988846 901
1751329951965 0.07817211002111435 902
1751329970416 0.08522332459688187 903
1751329981229 0.09064753353595734 904
1751329988976 0.07715754956007004 905
1751330009316 0.08034748584032059 906
1751330029678 0.08158132433891296 907
1751330037188 0.0768585130572319 908
1751330045063 0.07970378547906876 909
1751330062750 0.07173816114664078 910
1751330080953 0.08429509401321411 911
1751330084094 0.08682692050933838 912
1751330462756 0.07966481894254684 913
1751330475501 0.07737046480178833 914
1751330483219 0.08127964287996292 915
1751330490806 0.0817432627081871 916
1751330519013 0.07659007608890533 917
1751330531424 0.08264167606830597 918
1751330543705 0.07747305184602737 919
1751330556497 0.07633911818265915 920
1751330573455 0.08624530583620071 921
1751330581339 0.0876166895031929 922
1751330605383 0.08609144389629364 923
1751330617801 0.08173508197069168 924
1751330632124 0.08688034862279892 925
1751330644881 0.08151646703481674 926
1751330669881 0.08233140408992767 927
1751330682213 0.07946507632732391 928
1751330694686 0.07858988642692566 929
1751330707094 0.0790741965174675 930
1751330737980 0.08680064231157303 931
1751330750840 0.06824149936437607 932
1751330764726 0.08255404978990555 933
1751330776966 0.07895202934741974 934
1751330795657 0.08497127145528793 935
1751330808012 0.08322137594223022 936
1751330823123 0.08057282119989395 937
1751330835583 0.07647082209587097 938
1751330854173 0.06920503824949265 939
1751330866451 0.08273297548294067 940
1751330895338 0.08134008198976517 941
1751330907538 0.08058203011751175 942
1751330919703 0.07537800073623657 943
1751330932087 0.08257783204317093 944
1751330957306 0.0749535858631134 945
1751330969612 0.07940911501646042 946
1751330982346 0.08138644695281982 947
1751330994619 0.08850051462650299 948
1751331018991 0.07570654153823853 949
1751331031275 0.0806029886007309 950
1751331043962 0.07798440009355545 951
1751331056461 0.07720577716827393 952
1751331074181 0.07310284674167633 953
1751331086477 0.07753922790288925 954
1751331113619 0.0831155776977539 955
1751331126124 0.07049902528524399 956
1751331138656 0.08639665693044662 957
1751331146275 0.07337750494480133 958
1751331172434 0.07840527594089508 959
1751331184739 0.08737332373857498 960
1751331197289 0.08386732637882233 961
1751331209766 0.08127191662788391 962
1751331234147 0.0819915384054184 963
1751331247017 0.07559847831726074 964
1751331264870 0.07889388501644135 965
1751331277287 0.07896744459867477 966
1751331295964 0.08342340588569641 967
1751331308267 0.07649542391300201 968
1751331334428 0.07742494344711304 969
1751331347149 0.08544208854436874 970
1751331360133 0.07736122608184814 971
1751331372451 0.08705238997936249 972
1751331393079 0.07817396521568298 973
1751331405343 0.07748021185398102 974
1751331414586 0.07213142514228821 975
1751331427172 0.07752910256385803 976
1751331452817 0.0911121517419815 977
1751331460633 0.0872262567281723 978
1751331475832 0.08270466327667236 979
1751331488205 0.07307372987270355 980
1751331517881 0.08360198140144348 981
1751331525838 0.07011663168668747 982
1751331539520 0.08780352771282196 983
1751331551961 0.08554255962371826 984
1751331582793 0.07205145061016083 985
1751331595166 0.08112240582704544 986
1751331602755 0.08297348022460938 987
1751331610695 0.07801266014575958 988
1751331640596 0.08128047734498978 989
1751331648103 0.08222855627536774 990
1751331655489 0.09144316613674164 991
1751331662817 0.08301279693841934 992
1751331691770 0.08211236447095871 993
1751331699215 0.08040191233158112 994
1751331702378 0.0865345224738121 995
1751332077408 0.08674602955579758 996
1751332089664 0.08244471997022629 997
1751332102072 0.07567096501588821 998
1751332114322 0.08233126252889633 999
1751332131623 0.07987786084413528 1000
1751332144248 0.0845678374171257 1001
1751332156542 0.08199004828929901 1002
1751332168796 0.07615897804498672 1003
1751332186297 0.07651177793741226 1004
1751332204524 0.07883186638355255 1005
1751332225865 0.07924824953079224 1006
1751332238686 0.07862383127212524 1007
1751332251164 0.07627780735492706 1008
1751332273041 0.0778803676366806 1009
1751332285636 0.07454897463321686 1010
1751332298204 0.08688712865114212 1011
1751332310473 0.084018275141716 1012
1751332343803 0.0770268589258194 1013
1751332356427 0.0758742243051529 1014
1751332369138 0.087432362139225 1015
1751332380484 0.08082455396652222 1016
1751332403498 0.07667241990566254 1017
1751332416102 0.06917476654052734 1018
1751332429063 0.07900690287351608 1019
1751332441535 0.08122651278972626 1020
1751332468253 0.07395130395889282 1021
1751332477975 0.07817181199789047 1022
1751332490103 0.07214833796024323 1023
1751332499512 0.09785568714141846 1024
1751332526977 0.0714464858174324 1025
1751332538077 0.07864587754011154 1026
1751332545893 0.07583509385585785 1027
1751332560596 0.07692904025316238 1028
1751332598818 0.08949636667966843 1029
1751332611466 0.08208038657903671 1030
1751332624111 0.08644302189350128 1031
1751332634358 0.084112249314785 1032
1751332654251 0.0792609453201294 1033
1751332666903 0.08087791502475739 1034
1751332679542 0.08053716272115707 1035
1751332688781 0.07186022400856018 1036
1751332720401 0.0777592584490776 1037
1751332728510 0.08503219485282898 1038
1751332736337 0.08559879660606384 1039
1751332744149 0.08971810340881348 1040
1751332790452 0.07860810309648514 1041
1751332802237 0.08371537178754807 1042
1751332814886 0.08970265090465546 1043
1751332827655 0.07803995162248611 1044
1751332853529 0.08500760793685913 1045
1751332863513 0.07544421404600143 1046
1751332871209 0.08536260575056076 1047
1751332879004 0.08865045011043549 1048
1751332915697 0.08505375683307648 1049
1751332928111 0.0742730125784874 1050
1751332941057 0.0795440822839737 1051
1751332952845 0.09013724327087402 1052
1751332970601 0.07905304431915283 1053
1751332983196 0.08654715120792389 1054
1751332994010 0.08178184926509857 1055
1751333001765 0.08197829872369766 1056
1751333041546 0.07772664725780487 1057
1751333050516 0.07916262000799179 1058
1751333063182 0.08638553321361542 1059
1751333071004 0.07624465972185135 1060
1751333104213 0.07330925762653351 1061
1751333115186 0.07590804249048233 1062
1751333128119 0.06974898278713226 1063
1751333140852 0.07777378708124161 1064
1751333162015 0.08176761865615845 1065
1751333174739 0.07018129527568817 1066
1751333187216 0.08360772579908371 1067
1751333196108 0.08603712171316147 1068
1751333230982 0.08014749735593796 1069
1751333239934 0.08090218156576157 1070
1751333249786 0.08524847030639648 1071
1751333257652 0.08699174225330353 1072
1751333290011 0.07692386955022812 1073
1751333298085 0.08111289143562317 1074
1751333305881 0.07896917313337326 1075
1751333313070 0.07699649780988693 1076
1751333342094 0.07446973770856857 1077
1751333345221 0.07692569494247437 1078
1751333710245 0.08023545145988464 1079
1751333721282 0.07896681129932404 1080
1751333731370 0.0759229063987732 1081
1751333744300 0.08471188694238663 1082
1751333780826 0.0805366039276123 1083
1751333793377 0.07107062637805939 1084
1751333805952 0.07498537749052048 1085
1751333818318 0.08516499400138855 1086
1751333850417 0.0769113153219223 1087
1751333858550 0.07837344706058502 1088
1751333870398 0.08270516246557236 1089
1751333882900 0.07465959340333939 1090
1751333921095 0.0797591432929039 1091
1751333933640 0.08072596043348312 1092
1751333945182 0.08549293875694275 1093
1751333954729 0.08367601037025452 1094
1751333985494 0.08120856434106827 1095
1751333998006 0.08317725360393524 1096
1751334010606 0.08437513560056686 1097
1751334023325 0.076680988073349 1098
1751334041778 0.08268368989229202 1099
1751334054578 0.08334098011255264 1100
1751334066178 0.07179173827171326 1101
1751334074158 0.07782170921564102 1102
1751334104286 0.08303768932819366 1103
1751334117002 0.09465544670820236 1104
1751334127080 0.07698594033718109 1105
1751334136330 0.08116942644119263 1106
1751334166399 0.07912309467792511 1107
1751334177785 0.07919266819953918 1108
1751334190493 0.07607315480709076 1109
1751334203198 0.08238109201192856 1110
1751334221204 0.08768775314092636 1111
1751334233015 0.0808698982000351 1112
1751334245265 0.07976985722780228 1113
1751334258017 0.07187637686729431 1114
1751334290324 0.07547707855701447 1115
1751334303035 0.08124864846467972 1116
1751334315736 0.08297672122716904 1117
1751334323777 0.08551056683063507 1118
1751334348574 0.08066849410533905 1119
1751334361174 0.0787767767906189 1120
1751334373789 0.08241088688373566 1121
1751334381765 0.08116583526134491 1122
1751334417597 0.07478053122758865 1123
1751334425344 0.07141799479722977 1124
1751334434862 0.07657743245363235 1125
1751334447324 0.07653247565031052 1126
1751334476990 0.0779120922088623 1127
1751334489439 0.07540272176265717 1128
1751334501846 0.07912100851535797 1129
1751334514317 0.08723544329404831 1130
1751334532557 0.0767308920621872 1131
1751334544806 0.0805017426609993 1132
1751334557189 0.07112780958414078 1133
1751334569629 0.08845682442188263 1134
1751334591579 0.08042998611927032 1135
1751334604017 0.08286356180906296 1136
1751334616575 0.08201927691698074 1137
1751334629401 0.08078102022409439 1138
1751334662285 0.08085963129997253 1139
1751334674764 0.0841587632894516 1140
1751334687246 0.0769411101937294 1141
1751334699762 0.08954495191574097 1142
1751334737258 0.080711729824543 1143
1751334750036 0.0769992545247078 1144
1751334762331 0.07975120842456818 1145
1751334774834 0.08132288604974747 1146
1751334797165 0.08299880474805832 1147
1751334809492 0.07895836979150772 1148
1751334820171 0.08217236399650574 1149
1751334832958 0.08666850626468658 1150
1751334850281 0.07711784541606903 1151
1751334858116 0.08145777881145477 1152
1751334865855 0.08321771770715714 1153
1751334873685 0.08330080658197403 1154
1751334902136 0.08702968060970306 1155
1751334909906 0.08324730396270752 1156
1751334917285 0.08168046176433563 1157
1751334924660 0.07180072367191315 1158
1751334953418 0.07203029096126556 1159
1751334960572 0.09021472185850143 1160
1751334963724 0.06990782916545868 1161
1751335337549 0.08227300643920898 1162
1751335345677 0.08356646448373795 1163
1751335358097 0.09472717344760895 1164
1751335368203 0.0781448483467102 1165
1751335393735 0.07829906046390533 1166
1751335406081 0.07759343087673187 1167
1751335418409 0.07278426736593246 1168
1751335431141 0.07432138174772263 1169
1751335448098 0.07928996533155441 1170
1751335477537 0.0763162299990654 1171
1751335489962 0.08544397354125977 1172
1751335502456 0.0803048312664032 1173
1751335510235 0.084287129342556 1174
1751335537897 0.08211929351091385 1175
1751335550955 0.08819124102592468 1176
1751335563506 0.08210205286741257 1177
1751335576086 0.08111357688903809 1178
1751335603541 0.08078638464212418 1179
1751335616099 0.08014009892940521 1180
1751335628650 0.08226083219051361 1181
1751335641598 0.0817812830209732 1182
1751335658753 0.0825841873884201 1183
1751335671153 0.07771936804056168 1184
1751335682196 0.0855223536491394 1185
1751335689933 0.07606542110443115 1186
1751335728892 0.08013708889484406 1187
1751335741798 0.07310348749160767 1188
1751335754379 0.07722625136375427 1189
1751335766914 0.07417019456624985 1190
1751335789801 0.07453735172748566 1191
1751335800888 0.08036133646965027 1192
1751335813440 0.08106589317321777 1193
1751335824425 0.07906006276607513 1194
1751335852819 0.08163221180438995 1195
1751335865341 0.07974111288785934 1196
1751335877860 0.08671707659959793 1197
1751335890379 0.07385317981243134 1198
1751335915687 0.07864239811897278 1199
1751335928789 0.07874377816915512 1200
1751335938291 0.08037713170051575 1201
1751335953440 0.07422700524330139 1202
1751335976864 0.07929029315710068 1203
1751335984528 0.08170764148235321 1204
1751335994124 0.08051630854606628 1205
1751336022403 0.08422105759382248 1206
1751336037339 0.07931461930274963 1207
1751336046703 0.07115057110786438 1208
1751336057431 0.07397361099720001 1209
1751336085450 0.08187386393547058 1210
1751336106900 0.07994416356086731 1211
1751336117351 0.08594939112663269 1212
1751336130406 0.07915452122688293 1213
1751336143073 0.08822296559810638 1214
1751336180046 0.08354468643665314 1215
1751336188167 0.07107158750295639 1216
1751336196012 0.0807495191693306 1217
1751336203834 0.08283121883869171 1218
1751336250962 0.07526017725467682 1219
1751336260391 0.0869227796792984 1220
1751336268219 0.07880392670631409 1221
1751336276105 0.07995043694972992 1222
1751336308597 0.08482098579406738 1223
1751336320961 0.08219954371452332 1224
1751336333344 0.08189952373504639 1225
1751336345767 0.08232568204402924 1226
1751336375356 0.08065184950828552 1227
1751336388008 0.08759738504886627 1228
1751336400686 0.08177956193685532 1229
1751336413349 0.07857102900743484 1230
1751336432266 0.08622677624225616 1231
1751336444825 0.0772729218006134 1232
1751336456667 0.08041474223136902 1233
1751336466471 0.08144186437129974 1234
1751336491740 0.08883263170719147 1235
1751336501307 0.08372772485017776 1236
1751336509073 0.07641676813364029 1237
1751336517156 0.0756010115146637 1238
1751336544360 0.07606180012226105 1239
1751336552014 0.07730645686388016 1240
1751336559674 0.07523534446954727 1241
1751336574396 0.07065688818693161 1242
1751336595893 0.08626466989517212 1243
1751336599339 0.08347982168197632 1244
1751336969058 0.08149906992912292 1245
1751336981371 0.0800701230764389 1246
1751336993788 0.08171293139457703 1247
1751337006187 0.06921620666980743 1248
1751337025186 0.0869920626282692 1249
1751337037780 0.08075647801160812 1250
1751337050138 0.087171271443367 1251
1751337062543 0.0810844749212265 1252
1751337084835 0.08764384686946869 1253
1751337097119 0.08450339734554291 1254
1751337109471 0.08248329162597656 1255
1751337118692 0.06917095184326172 1256
1751337142044 0.08401477336883545 1257
1751337154236 0.08508361130952835 1258
1751337166547 0.07689717411994934 1259
1751337174566 0.07178681343793869 1260
1751337199772 0.07847175747156143 1261
1751337207738 0.08178658783435822 1262
1751337224965 0.08109670132398605 1263
1751337247670 0.07874331623315811 1264
1751337260123 0.08668605983257294 1265
1751337272493 0.07996046543121338 1266
1751337281618 0.08319303393363953 1267
1751337320772 0.07894226908683777 1268
1751337333193 0.0810917317867279 1269
1751337345608 0.09359284490346909 1270
1751337357926 0.08593028783798218 1271
1751337374866 0.0741041749715805 1272
1751337391626 0.08225961774587631 1273
1751337404018 0.08535975217819214 1274
1751337416666 0.08329445123672485 1275
1751337439373 0.08675292134284973 1276
1751337451970 0.07532592117786407 1277
1751337464352 0.0875852108001709 1278
1751337476625 0.07909595966339111 1279
1751337498836 0.07979059964418411 1280
1751337511500 0.07955432683229446 1281
1751337523808 0.07561255991458893 1282
1751337536119 0.07832977175712585 1283
1751337560836 0.08038172870874405 1284
1751337581319 0.08376206457614899 1285
1751337593716 0.07888562232255936 1286
1751337601903 0.07896319031715393 1287
1751337627219 0.08578232675790787 1288
1751337646012 0.07849983125925064 1289
1751337658344 0.07740109413862228 1290
1751337670753 0.07821865379810333 1291
1751337702161 0.08288797736167908 1292
1751337714134 0.08502576500177383 1293
1751337726539 0.07594942301511765 1294
1751337738938 0.07484714686870575 1295
1751337767191 0.07619819790124893 1296
1751337777928 0.0761360377073288 1297
1751337786977 0.0805651992559433 1298
1751337799255 0.08790047466754913 1299
1751337825727 0.08325206488370895 1300
1751337837110 0.08484067767858505 1301
1751337849454 0.07487115263938904 1302
1751337861966 0.07892508059740067 1303
1751337882477 0.0753348246216774 1304
1751337901571 0.07982216775417328 1305
1751337909665 0.07890088856220245 1306
1751337917372 0.07455228269100189 1307
1751337944850 0.08038051426410675 1308
1751337962320 0.08725602924823761 1309
1751337974513 0.07310865819454193 1310
1751337986830 0.08418647199869156 1311
1751337999584 0.08302545547485352 1312
1751338035452 0.07551652938127518 1313
1751338043369 0.07411704212427139 1314
1751338055789 0.0794948935508728 1315
1751338068152 0.07939241826534271 1316
1751338091824 0.08626287430524826 1317
1751338104657 0.07605264335870743 1318
1751338117078 0.0808071494102478 1319
1751338127681 0.06994985789060593 1320
1751338151216 0.07146571576595306 1321
1751338158827 0.06983137130737305 1322
1751338166005 0.08030787110328674 1323
1751338173547 0.08292438834905624 1324
1751338202917 0.08509316295385361 1325
1751338210092 0.07787925004959106 1326
1751338213252 0.08539503067731857 1327
1751338592213 0.07491733878850937 1328
1751338604572 0.07882291823625565 1329
1751338616791 0.08131372183561325 1330
1751338629515 0.08418004214763641 1331
1751338654465 0.07652796059846878 1332
1751338666892 0.07670634984970093 1333
1751338679238 0.08057557046413422 1334
1751338691740 0.08485127985477448 1335
1751338715832 0.07753799110651016 1336
1751338732851 0.08016499876976013 1337
1751338745351 0.0803728699684143 1338
1751338757833 0.0809093564748764 1339
1751338776379 0.08506014198064804 1340
1751338795186 0.07188210636377335 1341
1751338807549 0.09229017794132233 1342
1751338820491 0.07248010486364365 1343
1751338833243 0.07759082317352295 1344
1751338858561 0.08248765766620636 1345
1751338871152 0.08636678755283356 1346
1751338883801 0.0759829729795456 1347
1751338896268 0.0794568806886673 1348
1751338922082 0.07315424829721451 1349
1751338934506 0.08307094126939774 1350
1751338945180 0.07043725997209549 1351
1751338954991 0.0887862890958786 1352
1751338984797 0.08693525195121765 1353
1751338994226 0.0813988670706749 1354
1751339007085 0.08231641352176666 1355
1751339018987 0.07534468173980713 1356
1751339045341 0.08258610963821411 1357
1751339057748 0.07743918150663376 1358
1751339070238 0.08048756420612335 1359
1751339082238 0.08552497625350952 1360
1751339101739 0.08125901222229004 1361
1751339114352 0.07586543262004852 1362
1751339126284 0.07730969786643982 1363
1751339143857 0.08663719147443771 1364
1751339170163 0.08554357290267944 1365
1751339182706 0.07533042132854462 1366
1751339194933 0.07426095008850098 1367
1751339203276 0.08791805803775787 1368
1751339237086 0.07328567653894424 1369
1751339249022 0.08242044597864151 1370
1751339261746 0.08153083175420761 1371
1751339274433 0.0786856859922409 1372
1751339301985 0.07772545516490936 1373
1751339314996 0.08387050032615662 1374
1751339327538 0.08164368569850922 1375
1751339340216 0.07651874423027039 1376
1751339366160 0.08795619755983353 1377
1751339378798 0.08792552351951599 1378
1751339391423 0.08247583359479904 1379
1751339404302 0.07958070188760757 1380
1751339427236 0.07750667631626129 1381
1751339435206 0.0790788009762764 1382
1751339444903 0.07520133256912231 1383
1751339461963 0.0856165960431099 1384
1751339492032 0.08158522844314575 1385
1751339505066 0.08859337121248245 1386
1751339514601 0.07525881379842758 1387
1751339524329 0.08085758239030838 1388
1751339553923 0.08616209775209427 1389
1751339566538 0.07612381875514984 1390
1751339579110 0.08240166306495667 1391
1751339593193 0.0737527459859848 1392
1751339616147 0.06952515244483948 1393
1751339628482 0.07564462721347809 1394
1751339641147 0.07587631046772003 1395
1751339652308 0.08109772950410843 1396
1751339677145 0.08260002732276917 1397
1751339685295 0.08626808971166611 1398
1751339693131 0.07956522703170776 1399
1751339715837 0.0783006101846695 1400
1751339745774 0.08076801896095276 1401
1751339758295 0.07714419811964035 1402
1751339770655 0.07972197234630585 1403
1751339782701 0.08415176719427109 1404
1751339804779 0.08388236910104752 1405
1751339812175 0.07838255167007446 1406
1751339819505 0.08738860487937927 1407
1751339827318 0.06810888648033142 1408
1751339855862 0.08340834826231003 1409
1751339859015 0.07335121184587479 1410
1751340233247 0.0782182589173317 1411
1751340245528 0.08668991923332214 1412
1751340257789 0.0843038558959961 1413
1751340270241 0.07654887437820435 1414
1751340295320 0.06812383234500885 1415
1751340307595 0.07703806459903717 1416
1751340319862 0.07716145366430283 1417
1751340332581 0.0799691304564476 1418
1751340357663 0.07959101349115372 1419
1751340370109 0.0745028629899025 1420
1751340382491 0.07436952739953995 1421
1751340391460 0.0854368656873703 1422
1751340424626 0.0801258459687233 1423
1751340437433 0.08455920219421387 1424
1751340449655 0.08454564213752747 1425
1751340462058 0.07864050567150116 1426
1751340481059 0.07461624592542648 1427
1751340493522 0.08684759587049484 1428
1751340505961 0.07570727169513702 1429
1751340518640 0.08263655006885529 1430
1751340542721 0.07290362566709518 1431
1751340555071 0.07178117334842682 1432
1751340567289 0.0800224244594574 1433
1751340575090 0.07653828710317612 1434
1751340607810 0.0880330502986908 1435
1751340620565 0.07551489025354385 1436
1751340632900 0.0808400884270668 1437
1751340645276 0.07827870547771454 1438
1751340672398 0.08325537294149399 1439
1751340684568 0.07378840446472168 1440
1751340696787 0.07942613959312439 1441
1751340709320 0.08842816203832626 1442
1751340736306 0.08169234544038773 1443
1751340748767 0.07196231186389923 1444
1751340761212 0.08142200112342834 1445
1751340773547 0.08196233958005905 1446
1751340795750 0.08405788242816925 1447
1751340808280 0.07702425867319107 1448
1751340821041 0.08069459348917007 1449
1751340833471 0.08667245507240295 1450
1751340849943 0.08817096799612045 1451
1751340862409 0.07073633372783661 1452
1751340870118 0.07762197405099869 1453
1751340879169 0.0842595100402832 1454
1751340904122 0.07726538926362991 1455
1751340916539 0.07145874202251434 1456
1751340928908 0.07831668108701706 1457
1751340941282 0.07227335125207901 1458
1751340958338 0.08047512918710709 1459
1751340970739 0.08455630391836166 1460
1751340989987 0.08643654733896255 1461
1751341002176 0.07922638952732086 1462
1751341023448 0.08460156619548798 1463
1751341035634 0.08462321013212204 1464
1751341047932 0.08972032368183136 1465
1751341069578 0.08500908315181732 1466
1751341078966 0.07057621330022812 1467
1751341091231 0.08381109684705734 1468
1751341104531 0.09672620892524719 1469
1751341133447 0.08326072245836258 1470
1751341145853 0.0782637745141983 1471
1751341158157 0.0740523412823677 1472
1751341170900 0.07911042869091034 1473
1751341203361 0.07446765154600143 1474
1751341215764 0.07790984958410263 1475
1751341228182 0.08516661822795868 1476
1751341240805 0.07448238134384155 1477
1751341262427 0.08331340551376343 1478
1751341275041 0.08269403874874115 1479
1751341287320 0.08271212875843048 1480
1751341299708 0.0721224918961525 1481
1751341328896 0.07854458689689636 1482
1751341341341 0.08514884859323502 1483
1751341353592 0.0698852613568306 1484
1751341365924 0.07766876369714737 1485
1751341383634 0.07354842126369476 1486
1751341395898 0.09605412930250168 1487
1751341407642 0.08594467490911484 1488
1751341415155 0.08353511244058609 1489
1751341436557 0.07811009883880615 1490
1751341443681 0.09011523425579071 1491
1751341451031 0.07836239039897919 1492
1751341454182 0.08448086678981781 1493
1751341814333 0.08502878993749619 1494
1751341826693 0.08550126105546951 1495
1751341839006 0.07663542032241821 1496
1751341851388 0.09055174142122269 1497
1751341884995 0.08358132094144821 1498
1751341897406 0.08144812285900116 1499
1751341909741 0.07987399399280548 1500
1751341921967 0.08027409017086029 1501
1751341959128 0.08574587106704712 1502
1751341971583 0.08350598812103271 1503
1751341982642 0.07742424309253693 1504
1751341990257 0.08162505179643631 1505
1751342016965 0.09202143549919128 1506
1751342029301 0.07673453539609909 1507
1751342041530 0.08439023047685623 1508
1751342053806 0.07600852102041245 1509
1751342071428 0.08523943275213242 1510
1751342084258 0.07002860307693481 1511
1751342096744 0.08068161457777023 1512
1751342109041 0.08498996496200562 1513
1751342126138 0.08601371198892593 1514
1751342133737 0.06516428291797638 1515
1751342146126 0.07811521738767624 1516
1751342158857 0.07793924957513809 1517
1751342191100 0.08412332087755203 1518
1751342203387 0.07756675779819489 1519
1751342214834 0.0814441591501236 1520
1751342222431 0.08290714025497437 1521
1751342245961 0.07805997133255005 1522
1751342258717 0.08111747354269028 1523
1751342271125 0.08106686174869537 1524
1751342283617 0.0774892047047615 1525
1751342310426 0.08486507833003998 1526
1751342322561 0.07533629238605499 1527
1751342334977 0.08233925700187683 1528
1751342347844 0.07862140238285065 1529
1751342365259 0.07914527505636215 1530
1751342372910 0.0757860317826271 1531
1751342385186 0.07955789566040039 1532
1751342397422 0.08286723494529724 1533
1751342427478 0.08129362016916275 1534
1751342440301 0.08019624650478363 1535
1751342452688 0.08275581896305084 1536
1751342465157 0.08438991755247116 1537
1751342489848 0.08024485409259796 1538
1751342502127 0.08457852154970169 1539
1751342514519 0.07617690414190292 1540
1751342527261 0.08053653687238693 1541
1751342552270 0.08592801541090012 1542
1751342564746 0.07073664665222168 1543
1751342577314 0.07748448103666306 1544
1751342589554 0.06829589605331421 1545
1751342614206 0.06748635321855545 1546
1751342627025 0.08013784140348434 1547
1751342634776 0.08804038166999817 1548
1751342642503 0.08509546518325806 1549
1751342672830 0.07893543690443039 1550
1751342685095 0.07926639914512634 1551
1751342692809 0.0839536190032959 1552
1751342700458 0.07803665101528168 1553
1751342727639 0.08154460042715073 1554
1751342739980 0.07538194209337234 1555
1751342752618 0.08137550204992294 1556
1751342764837 0.08287527412176132 1557
1751342796499 0.0763193666934967 1558
1751342808942 0.08540768921375275 1559
1751342821553 0.07231158018112183 1560
1751342833872 0.08637883514165878 1561
1751342861308 0.07886213064193726 1562
1751342873683 0.07768633216619492 1563
1751342886014 0.08074937015771866 1564
1751342898520 0.07904264330863953 1565
1751342928492 0.08022934943437576 1566
1751342940872 0.07565470039844513 1567
1751342953232 0.07707997411489487 1568
1751342965613 0.07529839128255844 1569
1751342982241 0.07934316992759705 1570
1751342991477 0.07738818228244781 1571
1751342999180 0.08181779831647873 1572
1751343006591 0.07948590070009232 1573
1751343029948 0.07953929156064987 1574
1751343037067 0.07984752207994461 1575
1751343040220 0.08748015016317368 1576
1751343403804 0.07374586910009384 1577
1751343416182 0.09063629806041718 1578
1751343429016 0.07520575821399689 1579
1751343441408 0.09175530821084976 1580
1751343458475 0.08351081609725952 1581
1751343470725 0.08561467379331589 1582
1751343483212 0.07831781357526779 1583
1751343495462 0.07773197442293167 1584
1751343523468 0.06553729623556137 1585
1751343535797 0.07729542255401611 1586
1751343548212 0.07737287878990173 1587
1751343560636 0.08040433377027512 1588
1751343588419 0.08710667490959167 1589
1751343597709 0.07789458334445953 1590
1751343610107 0.07011380791664124 1591
1751343623202 0.08647245913743973 1592
1751343649913 0.07462240755558014 1593
1751343657723 0.07991322129964828 1594
1751343670193 0.07163409888744354 1595
1751343682849 0.07356909662485123 1596
1751343721164 0.07935381680727005 1597
1751343729988 0.08465161919593811 1598
1751343737785 0.0925668478012085 1599
1751343750215 0.07656718045473099 1600
1751343781466 0.07837383449077606 1601
1751343794022 0.08378102630376816 1602
1751343806664 0.09456534683704376 1603
1751343819649 0.07304660230875015 1604
1751343836966 0.07928244024515152 1605
1751343849546 0.08481985330581665 1606
1751343862078 0.07276366651058197 1607
1751343874735 0.08947314321994781 1608
1751343898140 0.08153307437896729 1609
1751343911089 0.08103957027196884 1610
1751343923638 0.08491917699575424 1611
1751343936091 0.07017599046230316 1612
1751343970833 0.07796364277601242 1613
1751343983482 0.08722333610057831 1614
1751343996152 0.07361786812543869 1615
1751344009258 0.08384188264608383 1616
1751344034576 0.0837467759847641 1617
1751344047283 0.0800057128071785 1618
1751344059731 0.07938899844884872 1619
1751344072413 0.08557107299566269 1620
1751344100043 0.08028899878263474 1621
1751344112992 0.0763518363237381 1622
1751344125429 0.07527942210435867 1623
1751344135344 0.07427465915679932 1624
1751344164944 0.08450169116258621 1625
1751344177523 0.07628914713859558 1626
1751344190028 0.08309483528137207 1627
1751344202520 0.0805802121758461 1628
1751344221335 0.07572169601917267 1629
1751344231491 0.08388129621744156 1630
1751344239277 0.07793676108121872 1631
1751344250375 0.08157190680503845 1632
1751344281936 0.07330010086297989 1633
1751344292182 0.08250930160284042 1634
1751344301839 0.07994279265403748 1635
1751344314550 0.06816922873258591 1636
1751344347819 0.094281405210495 1637
1751344360375 0.07171083986759186 1638
1751344373065 0.08482936024665833 1639
1751344385665 0.08724284172058105 1640
1751344411332 0.07813514769077301 1641
1751344423861 0.07834923267364502 1642
1751344435518 0.0757366418838501 1643
1751344448182 0.07874442636966705 1644
1751344477956 0.08183277398347855 1645
1751344490310 0.08671234548091888 1646
1751344503173 0.07240266352891922 1647
1751344515666 0.09164004027843475 1648
1751344532987 0.07980738580226898 1649
1751344545599 0.08215387910604477 1650
1751344558054 0.07402430474758148 1651
1751344570640 0.0760096088051796 1652
1751344594067 0.08428359776735306 1653
1751344604337 0.07883068919181824 1654
1751344618001 0.0711309015750885 1655
1751344625556 0.08201967924833298 1656
1751344642132 0.0845765471458435 1657
1751344649320 0.07982391864061356 1658
1751344652471 0.0887070745229721 1659
