1751380140123 0.0 0
1751380152715 0.0 1
1751380165669 0.0 2
1751380178224 0.0 3
1751380208445 0.0 4
1751380220904 0.0 5
1751380233717 0.0 6
1751380246257 0.0 7
1751380270760 0.0 8
1751380283222 0.0 9
1751380296094 0.0 10
1751380308617 0.0 11
1751380332843 0.0 12
1751380345406 0.0 13
1751380357934 0.0 14
1751380370833 0.0 15
1751380387845 0.0 16
1751380404175 0.0 17
1751380416750 0.0 18
1751380429512 0.0 19
1751380448064 0.0 20
1751380460858 0.0 21
1751380473374 0.0 22
1751380485785 0.0 23
1751380513963 0.0 24
1751380521501 0.0 25
1751380528930 0.0 26
1751380536354 0.0 27
1751380565237 0.0 28
1751380572470 0.0 29
1751380577416 0.0 30
1751380702550 0.0 30
1751380769070 1.0 31
1751380778971 1.0 32
1751380791705 1.0 33
1751380804140 1.0 34
1751380831092 1.0 35
1751380843540 1.0 36
1751380856276 1.0 37
1751380868725 1.0 38
1751380895787 1.0 39
1751380908386 1.0 40
1751380920945 1.0 41
1751380933797 1.0 42
1751380950590 1.0 43
1751380960420 1.0 44
1751380968636 1.0 45
1751380981380 1.0 46
1751381006147 1.0 47
1751381024747 1.0 48
1751381037313 1.0 49
1751381049783 1.0 50
1751381075279 1.0 51
1751381083198 1.0 52
1751381093184 1.0 53
1751381105638 1.0 54
1751381132630 1.0 55
1751381143210 1.0 56
1751381151169 1.0 57
1751381159012 1.0 58
1751381185835 1.0 59
1751381194853 1.0 60
1751381199794 1.0 61
1751381321374 1.0 61
1751381387541 2.0 62
1751381400114 2.0 63
1751381412956 2.0 64
1751381425441 2.0 65
1751381462729 2.0 66
1751381475216 2.0 67
1751381487668 2.0 68
1751381500446 2.0 69
1751381522378 2.0 70
1751381534758 2.0 71
1751381547209 2.0 72
1751381559951 2.0 73
1751381577293 2.0 74
1751381589870 2.0 75
1751381602593 2.0 76
1751381615297 2.0 77
1751381637661 2.0 78
1751381650274 2.0 79
1751381662743 2.0 80
1751381675673 2.0 81
1751381693060 2.0 82
1751381705595 2.0 83
1751381718127 2.0 84
1751381730762 2.0 85
1751381757903 2.0 86
1751381767374 2.0 87
1751381775152 2.0 88
1751381783090 2.0 89
1751381806604 2.0 90
1751381813800 2.0 91
1751381818741 2.0 92
1751381949724 2.0 92
1751382016348 3.0 93
1751382028842 3.0 94
1751382041677 3.0 95
1751382054254 3.0 96
1751382081198 3.0 97
1751382093201 3.0 98
1751382101022 3.0 99
1751382108889 3.0 100
1751382136126 3.0 101
1751382151588 3.0 102
1751382164057 3.0 103
1751382176853 3.0 104
1751382190958 3.0 105
1751382216970 3.0 106
1751382229447 3.0 107
1751382242154 3.0 108
1751382254612 3.0 109
1751382279093 3.0 110
1751382291607 3.0 111
1751382304472 3.0 112
1751382317099 3.0 113
1751382341336 3.0 114
1751382353944 3.0 115
1751382366650 3.0 116
1751382379491 3.0 117
1751382395272 3.0 118
1751382403076 3.0 119
1751382410681 3.0 120
1751382418619 3.0 121
1751382445331 3.0 122
1751382450271 3.0 123
1751382571610 3.0 123
1751382639252 4.0 124
1751382651720 4.0 125
1751382664640 4.0 126
1751382677222 4.0 127
1751382714331 4.0 128
1751382726894 4.0 129
1751382738422 4.0 130
1751382750976 4.0 131
1751382783897 4.0 132
1751382795117 4.0 133
1751382805235 4.0 134
1751382817796 4.0 135
1751382843840 4.0 136
1751382856437 4.0 137
1751382868746 4.0 138
1751382881596 4.0 139
1751382912827 4.0 140
1751382924296 4.0 141
1751382932259 4.0 142
1751382945215 4.0 143
1751382974987 4.0 144
1751382987612 4.0 145
1751382999048 4.0 146
1751383007080 4.0 147
1751383032367 4.0 148
1751383039679 4.0 149
1751383047097 4.0 150
1751383054543 4.0 151
1751383083155 4.0 152
1751383090415 4.0 153
1751383095396 4.0 154
1751383216921 4.0 154
1751383283136 5.0 155
1751383295731 5.0 156
1751383308575 5.0 157
1751383321159 5.0 158
1751383342917 5.0 159
1751383355501 5.0 160
1751383364913 5.0 161
1751383377534 5.0 162
1751383405072 5.0 163
1751383417638 5.0 164
1751383430479 5.0 165
1751383443020 5.0 166
1751383468125 5.0 167
1751383486754 5.0 168
1751383496431 5.0 169
1751383505975 5.0 170
1751383536079 5.0 171
1751383549663 5.0 172
1751383561360 5.0 173
1751383569317 5.0 174
1751383596516 5.0 175
1751383609320 5.0 176
1751383621995 5.0 177
1751383633531 5.0 178
1751383656645 5.0 179
1751383664405 5.0 180
1751383672339 5.0 181
1751383680365 5.0 182
1751383709030 5.0 183
1751383716225 5.0 184
1751383721203 5.0 185
1751383838031 5.0 185
1751383904441 6.0 186
1751383916866 6.0 187
1751383929695 6.0 188
1751383942192 6.0 189
1751383964264 6.0 190
1751383973597 6.0 191
1751383986349 6.0 192
1751383998786 6.0 193
1751384020966 6.0 194
1751384035873 6.0 195
1751384048692 6.0 196
1751384061144 6.0 197
1751384099873 6.0 198
1751384112523 6.0 199
1751384125533 6.0 200
1751384138181 6.0 201
1751384154929 6.0 202
1751384167535 6.0 203
1751384175343 6.0 204
1751384183405 6.0 205
1751384210122 6.0 206
1751384225277 6.0 207
1751384237988 6.0 208
1751384250944 6.0 209
1751384273276 6.0 210
1751384281448 6.0 211
1751384289414 6.0 212
1751384297234 6.0 213
1751384326617 6.0 214
1751384333853 6.0 215
1751384338783 6.0 216
1751384463821 6.0 216
1751384530116 7.0 217
1751384542941 7.0 218
1751384555461 7.0 219
1751384568026 7.0 220
1751384590595 7.0 221
1751384603175 7.0 222
1751384615938 7.0 223
1751384628366 7.0 224
1751384652440 7.0 225
1751384661554 7.0 226
1751384674301 7.0 227
1751384686820 7.0 228
1751384717793 7.0 229
1751384730322 7.0 230
1751384743139 7.0 231
1751384755733 7.0 232
1751384772849 7.0 233
1751384788429 7.0 234
1751384801291 7.0 235
1751384813801 7.0 236
1751384822990 7.0 237
1751384847525 7.0 238
1751384862842 7.0 239
1751384874829 7.0 240
1751384899141 7.0 241
1751384906917 7.0 242
1751384915626 7.0 243
1751384923567 7.0 244
1751384952141 7.0 245
1751384959359 7.0 246
1751384964382 7.0 247
1751385086827 7.0 247
1751385153264 8.0 248
1751385166091 8.0 249
1751385178510 8.0 250
1751385191147 8.0 251
1751385213897 8.0 252
1751385226840 8.0 253
1751385239384 8.0 254
1751385251963 8.0 255
1751385280008 8.0 256
1751385292477 8.0 257
1751385305295 8.0 258
1751385318017 8.0 259
1751385335256 8.0 260
1751385347789 8.0 261
1751385360676 8.0 262
1751385373261 8.0 263
1751385390410 8.0 264
1751385408148 8.0 265
1751385421089 8.0 266
1751385434566 8.0 267
1751385447115 8.0 268
1751385475044 8.0 269
1751385487545 8.0 270
1751385505079 8.0 271
1751385517448 8.0 272
1751385530549 8.0 273
1751385540329 8.0 274
1751385560151 8.0 275
1751385568197 8.0 276
1751385578734 8.0 277
1751385583690 8.0 278
1751385705812 8.0 278
1751385772300 9.0 279
1751385784126 9.0 280
1751385796625 9.0 281
1751385809101 9.0 282
1751385839652 9.0 283
1751385852436 9.0 284
1751385864867 9.0 285
1751385877270 9.0 286
1751385902303 9.0 287
1751385913675 9.0 288
1751385921320 9.0 289
1751385930592 9.0 290
1751385976736 9.0 291
1751385989332 9.0 292
1751386000298 9.0 293
1751386012871 9.0 294
1751386031011 9.0 295
1751386043634 9.0 296
1751386056604 9.0 297
1751386069202 9.0 298
1751386091309 9.0 299
1751386103917 9.0 300
1751386113002 9.0 301
1751386120945 9.0 302
1751386153048 9.0 303
1751386161154 9.0 304
1751386168990 9.0 305
1751386177246 9.0 306
1751386205831 9.0 307
1751386213211 9.0 308
1751386218183 9.0 309
1751386337572 9.0 309
1751386403980 10.0 310
1751386416842 10.0 311
1751386429449 10.0 312
1751386441932 10.0 313
1751386458742 10.0 314
1751386471618 10.0 315
1751386484053 10.0 316
1751386496661 10.0 317
1751386514147 10.0 318
1751386546991 10.0 319
1751386558498 10.0 320
1751386571074 10.0 321
1751386578990 10.0 322
1751386607295 10.0 323
1751386620030 10.0 324
1751386632786 10.0 325
1751386645485 10.0 326
1751386669447 10.0 327
1751386682333 10.0 328
1751386692580 10.0 329
1751386705157 10.0 330
1751386738432 10.0 331
1751386751178 10.0 332
1751386763650 10.0 333
1751386772233 10.0 334
1751386795770 10.0 335
1751386803560 10.0 336
1751386811166 10.0 337
1751386818530 10.0 338
1751386846950 10.0 339
1751386851945 10.0 340
1751386977052 10.0 340
1751387038113 11.0 341
1751387051035 11.0 342
1751387063688 11.0 343
1751387076122 11.0 344
1751387107755 11.0 345
1751387120653 11.0 346
1751387133266 11.0 347
1751387145783 11.0 348
1751387170646 11.0 349
1751387183508 11.0 350
1751387195994 11.0 351
1751387208381 11.0 352
1751387234262 11.0 353
1751387254203 11.0 354
1751387264458 11.0 355
1751387272323 11.0 356
1751387301190 11.0 357
1751387316101 11.0 358
1751387329013 11.0 359
1751387341696 11.0 360
1751387367937 11.0 361
1751387377302 11.0 362
1751387389869 11.0 363
1751387400294 11.0 364
1751387422176 11.0 365
1751387429949 11.0 366
1751387437686 11.0 367
1751387445471 11.0 368
1751387474026 11.0 369
1751387481247 11.0 370
1751387486175 11.0 371
1751387603694 11.0 371
1751387670762 12.0 372
1751387683188 12.0 373
1751387695807 12.0 374
1751387708397 12.0 375
1751387731116 12.0 376
1751387744159 12.0 377
1751387751893 12.0 378
1751387764416 12.0 379
1751387795295 12.0 380
1751387808272 12.0 381
1751387820830 12.0 382
1751387833487 12.0 383
1751387858348 12.0 384
1751387866668 12.0 385
1751387879632 12.0 386
1751387891674 12.0 387
1751387919940 12.0 388
1751387932669 12.0 389
1751387945554 12.0 390
1751387954376 12.0 391
1751387984822 12.0 392
1751387997430 12.0 393
1751388010430 12.0 394
1751388023091 12.0 395
1751388039982 12.0 396
1751388049961 12.0 397
1751388057758 12.0 398
1751388066079 12.0 399
1751388092762 12.0 400
1751388102605 12.0 401
1751388107590 12.0 402
1751388225832 12.0 402
1751388292663 13.0 403
1751388305429 13.0 404
1751388317962 13.0 405
1751388330526 13.0 406
1751388362217 13.0 407
1751388374903 13.0 408
1751388387344 13.0 409
1751388396930 13.0 410
1751388420187 13.0 411
1751388433174 13.0 412
1751388445744 13.0 413
1751388458395 13.0 414
1751388493361 13.0 415
1751388506009 13.0 416
1751388518983 13.0 417
1751388531594 13.0 418
1751388566769 13.0 419
1751388579398 13.0 420
1751388587920 13.0 421
1751388598711 13.0 422
1751388627283 13.0 423
1751388639470 13.0 424
1751388649237 13.0 425
1751388657274 13.0 426
1751388685531 13.0 427
1751388693519 13.0 428
1751388700875 13.0 429
1751388708405 13.0 430
1751388737154 13.0 431
1751388744420 13.0 432
1751388749351 13.0 433
1751388874948 13.0 433
1751388940555 14.0 434
1751388953275 14.0 435
1751388961069 14.0 436
1751388968790 14.0 437
1751388994889 14.0 438
1751389007765 14.0 439
1751389020337 14.0 440
1751389028143 14.0 441
1751389049609 14.0 442
1751389066261 14.0 443
1751389074358 14.0 444
1751389089644 14.0 445
1751389111484 14.0 446
1751389131138 14.0 447
1751389144054 14.0 448
1751389156616 14.0 449
1751389169151 14.0 450
1751389198121 14.0 451
1751389206939 14.0 452
1751389219629 14.0 453
1751389227605 14.0 454
1751389261744 14.0 455
1751389278127 14.0 456
1751389287812 14.0 457
1751389300399 14.0 458
1751389320385 14.0 459
1751389333327 14.0 460
1751389341189 14.0 461
1751389348674 14.0 462
1751389372878 14.0 463
1751389377804 14.0 464
1751389511911 14.0 464
1751389576947 15.0 465
1751389589676 15.0 466
1751389602135 15.0 467
1751389614582 15.0 468
1751389649843 15.0 469
1751389662722 15.0 470
1751389675188 15.0 471
1751389684590 15.0 472
1751389708232 15.0 473
1751389721050 15.0 474
1751389733184 15.0 475
1751389745834 15.0 476
1751389766460 15.0 477
1751389779013 15.0 478
1751389788450 15.0 479
1751389796248 15.0 480
1751389832634 15.0 481
1751389845212 15.0 482
1751389854787 15.0 483
1751389867364 15.0 484
1751389899549 15.0 485
1751389912106 15.0 486
1751389920186 15.0 487
1751389928452 15.0 488
1751389956130 15.0 489
1751389963818 15.0 490
1751389971581 15.0 491
1751389979617 15.0 492
1751390008816 15.0 493
1751390016069 15.0 494
1751390020988 15.0 495
1751390151823 15.0 495
1751390218378 16.0 496
1751390231146 16.0 497
1751390243644 16.0 498
1751390256204 16.0 499
1751390288974 16.0 500
1751390301847 16.0 501
1751390314373 16.0 502
1751390326988 16.0 503
1751390365205 16.0 504
1751390377906 16.0 505
1751390387417 16.0 506
1751390395420 16.0 507
1751390416422 16.0 508
1751390424266 16.0 509
1751390432526 16.0 510
1751390441670 16.0 511
1751390483252 16.0 512
1751390491896 16.0 513
1751390504229 16.0 514
1751390515878 16.0 515
1751390546014 16.0 516
1751390558440 16.0 517
1751390569238 16.0 518
1751390579257 16.0 519
1751390607556 16.0 520
1751390615126 16.0 521
1751390622680 16.0 522
1751390630326 16.0 523
1751390658891 16.0 524
1751390666145 16.0 525
1751390671097 16.0 526
1751390789835 16.0 526
1751390856270 17.0 527
1751390869164 17.0 528
1751390881571 17.0 529
1751390894017 17.0 530
1751390918967 17.0 531
1751390927048 17.0 532
1751390936365 17.0 533
1751390947143 17.0 534
1751390977887 17.0 535
1751390991230 17.0 536
1751391003643 17.0 537
1751391014067 17.0 538
1751391042373 17.0 539
1751391055154 17.0 540
1751391065151 17.0 541
1751391073616 17.0 542
1751391110026 17.0 543
1751391120151 17.0 544
1751391129635 17.0 545
1751391139582 17.0 546
1751391175488 17.0 547
1751391183457 17.0 548
1751391191560 17.0 549
1751391200756 17.0 550
1751391238192 17.0 551
1751391245940 17.0 552
1751391253620 17.0 553
1751391261301 17.0 554
1751391290073 17.0 555
1751391297324 17.0 556
1751391302296 17.0 557
1751391424900 17.0 557
1751391491625 18.0 558
1751391504429 18.0 559
1751391516849 18.0 560
1751391526145 18.0 561
1751391554361 18.0 562
1751391563950 18.0 563
1751391572274 18.0 564
1751391580215 18.0 565
1751391619396 18.0 566
1751391632259 18.0 567
1751391643301 18.0 568
1751391651148 18.0 569
1751391687736 18.0 570
1751391696971 18.0 571
1751391706247 18.0 572
1751391714320 18.0 573
1751391756007 18.0 574
1751391764428 18.0 575
1751391772606 18.0 576
1751391780459 18.0 577
1751391811862 18.0 578
1751391819719 18.0 579
1751391828456 18.0 580
1751391839585 18.0 581
1751391871895 18.0 582
1751391879928 18.0 583
1751391887621 18.0 584
1751391895460 18.0 585
1751391923825 18.0 586
1751391931031 18.0 587
1751391936021 18.0 588
1751392058003 18.0 588
1751392125587 19.0 589
1751392138336 19.0 590
1751392150835 19.0 591
1751392163341 19.0 592
1751392180020 19.0 593
1751392200653 19.0 594
1751392213201 19.0 595
1751392225889 19.0 596
1751392252373 19.0 597
1751392263567 19.0 598
1751392273434 19.0 599
1751392285943 19.0 600
1751392310106 19.0 601
1751392322825 19.0 602
1751392335487 19.0 603
1751392348262 19.0 604
1751392371826 19.0 605
1751392385489 19.0 606
1751392398314 19.0 607
1751392409726 19.0 608
1751392437986 19.0 609
1751392450491 19.0 610
1751392458715 19.0 611
1751392466533 19.0 612
1751392492711 19.0 613
1751392511654 19.0 614
1751392519786 19.0 615
1751392527638 19.0 616
1751392546880 19.0 617
1751392563813 19.0 618
1751392568779 19.0 619
1751392694722 19.0 619
