1751380140123 0.20255742967128754 0
1751380152715 0.18143144249916077 1
1751380165669 0.17684350907802582 2
1751380178224 0.17524784803390503 3
1751380208445 0.16489437222480774 4
1751380220904 0.16302767395973206 5
1751380233717 0.16318829357624054 6
1751380246257 0.16146349906921387 7
1751380270760 0.1563309282064438 8
1751380283222 0.15487247705459595 9
1751380296094 0.16171276569366455 10
1751380308617 0.15910759568214417 11
1751380332843 0.14895278215408325 12
1751380345406 0.1578293740749359 13
1751380357934 0.15408462285995483 14
1751380370833 0.1515725702047348 15
1751380387845 0.14473628997802734 16
1751380404175 0.1382608413696289 17
1751380416750 0.13596658408641815 18
1751380429512 0.1282196044921875 19
1751380448064 0.1193285584449768 20
1751380460858 0.11879721283912659 21
1751380473374 0.11861573159694672 22
1751380485785 0.11965040862560272 23
1751380513963 0.1177135556936264 24
1751380521501 0.11749915033578873 25
1751380528930 0.1165054515004158 26
1751380536354 0.11467216163873672 27
1751380565237 0.12144628167152405 28
1751380572470 0.1185489147901535 29
1751380577416 0.11439304053783417 30
1751380769070 0.1112804189324379 31
1751380778971 0.11215605586767197 32
1751380791705 0.11109458655118942 33
1751380804140 0.11942310631275177 34
1751380831092 0.11175582557916641 35
1751380843540 0.11228582262992859 36
1751380856276 0.11712796986103058 37
1751380868725 0.11689894646406174 38
1751380895787 0.10941781848669052 39
1751380908386 0.1117173433303833 40
1751380920945 0.10482098162174225 41
1751380933797 0.11035989224910736 42
1751380950590 0.11132773756980896 43
1751380960420 0.10969973355531693 44
1751380968636 0.10809991508722305 45
1751380981380 0.10936251282691956 46
1751381006147 0.1112266480922699 47
1751381024747 0.10909207165241241 48
1751381037313 0.10874171555042267 49
1751381049783 0.10595976561307907 50
1751381075279 0.10776303708553314 51
1751381083198 0.10920484364032745 52
1751381093184 0.10821907967329025 53
1751381105638 0.10902795195579529 54
1751381132630 0.1080377846956253 55
1751381143210 0.10751918703317642 56
1751381151169 0.11308897286653519 57
1751381159012 0.10504885017871857 58
1751381185835 0.10757587105035782 59
1751381194853 0.11270268261432648 60
1751381199794 0.10693861544132233 61
1751381387541 0.10786306858062744 62
1751381400114 0.11569414287805557 63
1751381412956 0.10668590664863586 64
1751381425441 0.11169612407684326 65
1751381462729 0.10302459448575974 66
1751381475216 0.10523660480976105 67
1751381487668 0.09913819283246994 68
1751381500446 0.10569164156913757 69
1751381522378 0.10674437880516052 70
1751381534758 0.10463219881057739 71
1751381547209 0.10053113102912903 72
1751381559951 0.10284054279327393 73
1751381577293 0.09954555332660675 74
1751381589870 0.10565543174743652 75
1751381602593 0.10453814268112183 76
1751381615297 0.10403862595558167 77
1751381637661 0.107432059943676 78
1751381650274 0.1058490052819252 79
1751381662743 0.10446228832006454 80
1751381675673 0.10462772846221924 81
1751381693060 0.1065891832113266 82
1751381705595 0.10441282391548157 83
1751381718127 0.10490544140338898 84
1751381730762 0.10299714654684067 85
1751381757903 0.10329402983188629 86
1751381767374 0.11197581887245178 87
1751381775152 0.10305121541023254 88
1751381783090 0.10769076645374298 89
1751381806604 0.11036842316389084 90
1751381813800 0.10487137734889984 91
1751381818741 0.10886722803115845 92
1751382016348 0.11110860109329224 93
1751382028842 0.10536259412765503 94
1751382041677 0.10681881010532379 95
1751382054254 0.102113738656044 96
1751382081198 0.10263064503669739 97
1751382093201 0.10190346091985703 98
1751382101022 0.10271231085062027 99
1751382108889 0.10108952969312668 100
1751382136126 0.10402373969554901 101
1751382151588 0.09561863541603088 102
1751382164057 0.10170327872037888 103
1751382176853 0.10304827243089676 104
1751382190958 0.10309538245201111 105
1751382216970 0.09928925335407257 106
1751382229447 0.10655687004327774 107
1751382242154 0.10329920053482056 108
1751382254612 0.10603868216276169 109
1751382279093 0.10588958859443665 110
1751382291607 0.09963678568601608 111
1751382304472 0.10614028573036194 112
1751382317099 0.10545225441455841 113
1751382341336 0.10376797616481781 114
1751382353944 0.10018718987703323 115
1751382366650 0.10500609874725342 116
1751382379491 0.11145404726266861 117
1751382395272 0.1022820919752121 118
1751382403076 0.10067622363567352 119
1751382410681 0.10571881383657455 120
1751382418619 0.10126400738954544 121
1751382445331 0.10480520874261856 122
1751382450271 0.10381678491830826 123
1751382639252 0.10080251097679138 124
1751382651720 0.09810466319322586 125
1751382664640 0.09612942487001419 126
1751382677222 0.10425221920013428 127
1751382714331 0.10054514557123184 128
1751382726894 0.09785088151693344 129
1751382738422 0.10512948781251907 130
1751382750976 0.0985376387834549 131
1751382783897 0.10803566873073578 132
1751382795117 0.10396213829517365 133
1751382805235 0.1034499779343605 134
1751382817796 0.09760061651468277 135
1751382843840 0.10256092995405197 136
1751382856437 0.10370275378227234 137
1751382868746 0.10447701811790466 138
1751382881596 0.09974242746829987 139
1751382912827 0.10505703091621399 140
1751382924296 0.10169732570648193 141
1751382932259 0.0993828997015953 142
1751382945215 0.1000632718205452 143
1751382974987 0.10137441009283066 144
1751382987612 0.10655839741230011 145
1751382999048 0.10515908896923065 146
1751383007080 0.10274393856525421 147
1751383032367 0.10305877774953842 148
1751383039679 0.10417874157428741 149
1751383047097 0.10340236127376556 150
1751383054543 0.1001739501953125 151
1751383083155 0.09902694076299667 152
1751383090415 0.09999819099903107 153
1751383095396 0.10562692582607269 154
1751383283136 0.09788748621940613 155
1751383295731 0.09994307905435562 156
1751383308575 0.09682241082191467 157
1751383321159 0.10452833026647568 158
1751383342917 0.10314667224884033 159
1751383355501 0.10079015046358109 160
1751383364913 0.10149204730987549 161
1751383377534 0.10012926161289215 162
1751383405072 0.10163740813732147 163
1751383417638 0.10282639414072037 164
1751383430479 0.10274934768676758 165
1751383443020 0.10073868930339813 166
1751383468125 0.09976302087306976 167
1751383486754 0.0986504927277565 168
1751383496431 0.10174282640218735 169
1751383505975 0.09931858628988266 170
1751383536079 0.10246263444423676 171
1751383549663 0.09822676330804825 172
1751383561360 0.10399993509054184 173
1751383569317 0.10131724923849106 174
1751383596516 0.10143288969993591 175
1751383609320 0.10057537257671356 176
1751383621995 0.09911101311445236 177
1751383633531 0.09977340698242188 178
1751383656645 0.09795527160167694 179
1751383664405 0.1034090667963028 180
1751383672339 0.10407803952693939 181
1751383680365 0.09996181726455688 182
1751383709030 0.10046739876270294 183
1751383716225 0.10281749069690704 184
1751383721203 0.09722881764173508 185
1751383904441 0.10465602576732635 186
1751383916866 0.09954950213432312 187
1751383929695 0.09730599820613861 188
1751383942192 0.09981106221675873 189
1751383964264 0.10275404155254364 190
1751383973597 0.10087605565786362 191
1751383986349 0.10443228483200073 192
1751383998786 0.09558454900979996 193
1751384020966 0.0999809205532074 194
1751384035873 0.10745196789503098 195
1751384048692 0.09958604723215103 196
1751384061144 0.10423672199249268 197
1751384099873 0.09776280075311661 198
1751384112523 0.09989307075738907 199
1751384125533 0.09620913118124008 200
1751384138181 0.09727837890386581 201
1751384154929 0.10039627552032471 202
1751384167535 0.09901255369186401 203
1751384175343 0.09794279932975769 204
1751384183405 0.09732334315776825 205
1751384210122 0.10229505598545074 206
1751384225277 0.10029551386833191 207
1751384237988 0.10044503957033157 208
1751384250944 0.09699048101902008 209
1751384273276 0.10230575501918793 210
1751384281448 0.09772719442844391 211
1751384289414 0.0948341116309166 212
1751384297234 0.09888487309217453 213
1751384326617 0.10631026327610016 214
1751384333853 0.10227278620004654 215
1751384338783 0.10321923345327377 216
1751384530116 0.09871382266283035 217
1751384542941 0.09859876334667206 218
1751384555461 0.09713590890169144 219
1751384568026 0.09780897945165634 220
1751384590595 0.0964604914188385 221
1751384603175 0.09982284903526306 222
1751384615938 0.0990665927529335 223
1751384628366 0.09976163506507874 224
1751384652440 0.1050492376089096 225
1751384661554 0.10297027230262756 226
1751384674301 0.09696336090564728 227
1751384686820 0.1005299761891365 228
1751384717793 0.10170150548219681 229
1751384730322 0.09688077867031097 230
1751384743139 0.10041406750679016 231
1751384755733 0.09924586862325668 232
1751384772849 0.09827180206775665 233
1751384788429 0.09997694939374924 234
1751384801291 0.10539241135120392 235
1751384813801 0.10428456217050552 236
1751384822990 0.10415354371070862 237
1751384847525 0.10056609660387039 238
1751384862842 0.10203865170478821 239
1751384874829 0.10388724505901337 240
1751384899141 0.09911524504423141 241
1751384906917 0.0987972542643547 242
1751384915626 0.10039116442203522 243
1751384923567 0.09666865319013596 244
1751384952141 0.09944477677345276 245
1751384959359 0.09204896539449692 246
1751384964382 0.09726490825414658 247
1751385153264 0.09841006249189377 248
1751385166091 0.09829167276620865 249
1751385178510 0.09562382847070694 250
1751385191147 0.09983281791210175 251
1751385213897 0.10111930221319199 252
1751385226840 0.0975930392742157 253
1751385239384 0.09790539741516113 254
1751385251963 0.09808909147977829 255
1751385280008 0.09947065263986588 256
1751385292477 0.09590891748666763 257
1751385305295 0.09585287421941757 258
1751385318017 0.10446269810199738 259
1751385335256 0.09844724833965302 260
1751385347789 0.09828377515077591 261
1751385360676 0.10112285614013672 262
1751385373261 0.10204409062862396 263
1751385390410 0.10126355290412903 264
1751385408148 0.100879967212677 265
1751385421089 0.09936036169528961 266
1751385434566 0.10097135603427887 267
1751385447115 0.10004345327615738 268
1751385475044 0.10200761258602142 269
1751385487545 0.09736780822277069 270
1751385505079 0.09811050444841385 271
1751385517448 0.1017666608095169 272
1751385530549 0.10545509308576584 273
1751385540329 0.10011085867881775 274
1751385560151 0.09957484155893326 275
1751385568197 0.09640657156705856 276
1751385578734 0.09816467761993408 277
1751385583690 0.09677194058895111 278
1751385772300 0.0998387336730957 279
1751385784126 0.10029219835996628 280
1751385796625 0.10804437845945358 281
1751385809101 0.10234686732292175 282
1751385839652 0.09442777186632156 283
1751385852436 0.09857954829931259 284
1751385864867 0.09384337067604065 285
1751385877270 0.10020770132541656 286
1751385902303 0.10133251547813416 287
1751385913675 0.09998752176761627 288
1751385921320 0.09614355862140656 289
1751385930592 0.10014630109071732 290
1751385976736 0.09990991652011871 291
1751385989332 0.09808050096035004 292
1751386000298 0.09883696585893631 293
1751386012871 0.09806372970342636 294
1751386031011 0.09418586641550064 295
1751386043634 0.10441581159830093 296
1751386056604 0.09480941295623779 297
1751386069202 0.09827446937561035 298
1751386091309 0.09733105450868607 299
1751386103917 0.10145437717437744 300
1751386113002 0.09890961647033691 301
1751386120945 0.09661505371332169 302
1751386153048 0.09780639410018921 303
1751386161154 0.0999615415930748 304
1751386168990 0.10352151095867157 305
1751386177246 0.09958646446466446 306
1751386205831 0.10089343041181564 307
1751386213211 0.09583263844251633 308
1751386218183 0.09887009859085083 309
1751386403980 0.10410966724157333 310
1751386416842 0.09612179547548294 311
1751386429449 0.10111512988805771 312
1751386441932 0.09640907496213913 313
1751386458742 0.09861835837364197 314
1751386471618 0.09756645560264587 315
1751386484053 0.099119171500206 316
1751386496661 0.09934942424297333 317
1751386514147 0.09315426647663116 318
1751386546991 0.09905652701854706 319
1751386558498 0.10435910522937775 320
1751386571074 0.09495268017053604 321
1751386578990 0.10513392835855484 322
1751386607295 0.09801313281059265 323
1751386620030 0.10019004344940186 324
1751386632786 0.1008337140083313 325
1751386645485 0.09853019565343857 326
1751386669447 0.0944376215338707 327
1751386682333 0.09426042437553406 328
1751386692580 0.1029195785522461 329
1751386705157 0.09846781194210052 330
1751386738432 0.09843258559703827 331
1751386751178 0.10157249122858047 332
1751386763650 0.09580328315496445 333
1751386772233 0.10245831310749054 334
1751386795770 0.09400374442338943 335
1751386803560 0.10010361671447754 336
1751386811166 0.09791634976863861 337
1751386818530 0.10141566395759583 338
1751386846950 0.0966285988688469 339
1751386851945 0.10392546653747559 340
1751387038113 0.10064999014139175 341
1751387051035 0.10100309550762177 342
1751387063688 0.10308191925287247 343
1751387076122 0.09912682324647903 344
1751387107755 0.09683511406183243 345
1751387120653 0.0980442464351654 346
1751387133266 0.09926126152276993 347
1751387145783 0.09993097931146622 348
1751387170646 0.10006283223628998 349
1751387183508 0.09450598061084747 350
1751387195994 0.0938415378332138 351
1751387208381 0.0934595838189125 352
1751387234262 0.09573572129011154 353
1751387254203 0.09704357385635376 354
1751387264458 0.09936028718948364 355
1751387272323 0.10092729330062866 356
1751387301190 0.09537599980831146 357
1751387316101 0.10035031288862228 358
1751387329013 0.10352766513824463 359
1751387341696 0.09740813821554184 360
1751387367937 0.09842666238546371 361
1751387377302 0.09859109669923782 362
1751387389869 0.10228340327739716 363
1751387400294 0.1006547212600708 364
1751387422176 0.09888581186532974 365
1751387429949 0.09689474105834961 366
1751387437686 0.09497497230768204 367
1751387445471 0.09891793131828308 368
1751387474026 0.10058188438415527 369
1751387481247 0.10035376995801926 370
1751387486175 0.10020080208778381 371
1751387670762 0.09959134459495544 372
1751387683188 0.0999646782875061 373
1751387695807 0.1001279279589653 374
1751387708397 0.10131822526454926 375
1751387731116 0.09484358876943588 376
1751387744159 0.09845200181007385 377
1751387751893 0.09865035861730576 378
1751387764416 0.09620746225118637 379
1751387795295 0.10225648432970047 380
1751387808272 0.10114031285047531 381
1751387820830 0.10270082950592041 382
1751387833487 0.09624812752008438 383
1751387858348 0.09266676753759384 384
1751387866668 0.09655169397592545 385
1751387879632 0.09998450428247452 386
1751387891674 0.09489400684833527 387
1751387919940 0.10031785070896149 388
1751387932669 0.09773965179920197 389
1751387945554 0.09833133220672607 390
1751387954376 0.09824547171592712 391
1751387984822 0.098642498254776 392
1751387997430 0.10260945558547974 393
1751388010430 0.09708435833454132 394
1751388023091 0.09668030589818954 395
1751388039982 0.09534696489572525 396
1751388049961 0.09906377643346786 397
1751388057758 0.09818194061517715 398
1751388066079 0.0976780503988266 399
1751388092762 0.09876496344804764 400
1751388102605 0.1003727838397026 401
1751388107590 0.10017246752977371 402
1751388292663 0.09731052815914154 403
1751388305429 0.09988176822662354 404
1751388317962 0.09911923110485077 405
1751388330526 0.0979389101266861 406
1751388362217 0.09604871273040771 407
1751388374903 0.09502167254686356 408
1751388387344 0.09772305190563202 409
1751388396930 0.09739455580711365 410
1751388420187 0.10025220364332199 411
1751388433174 0.1013912633061409 412
1751388445744 0.10174804925918579 413
1751388458395 0.09706693142652512 414
1751388493361 0.09631785750389099 415
1751388506009 0.10425141453742981 416
1751388518983 0.09551353007555008 417
1751388531594 0.10205987840890884 418
1751388566769 0.09871378540992737 419
1751388579398 0.09858253598213196 420
1751388587920 0.10286059975624084 421
1751388598711 0.09856127947568893 422
1751388627283 0.10392873734235764 423
1751388639470 0.09755191951990128 424
1751388649237 0.09684409946203232 425
1751388657274 0.09216702729463577 426
1751388685531 0.09342469274997711 427
1751388693519 0.09702331572771072 428
1751388700875 0.0994926169514656 429
1751388708405 0.09874523431062698 430
1751388737154 0.10175904631614685 431
1751388744420 0.0950247049331665 432
1751388749351 0.09657847881317139 433
1751388940555 0.09621474891901016 434
1751388953275 0.09684073179960251 435
1751388961069 0.10032287985086441 436
1751388968790 0.09681431949138641 437
1751388994889 0.0972520262002945 438
1751389007765 0.10054265707731247 439
1751389020337 0.10142974555492401 440
1751389028143 0.10964489728212357 441
1751389049609 0.09724051505327225 442
1751389066261 0.09562941640615463 443
1751389074358 0.09263848513364792 444
1751389089644 0.0983666256070137 445
1751389111484 0.09952766448259354 446
1751389131138 0.09775415062904358 447
1751389144054 0.09732773154973984 448
1751389156616 0.1023329645395279 449
1751389169151 0.09585942327976227 450
1751389198121 0.09503427147865295 451
1751389206939 0.09955761581659317 452
1751389219629 0.0959969013929367 453
1751389227605 0.09552086889743805 454
1751389261744 0.09510007500648499 455
1751389278127 0.10277970135211945 456
1751389287812 0.10283762216567993 457
1751389300399 0.09483439475297928 458
1751389320385 0.09824008494615555 459
1751389333327 0.10022363811731339 460
1751389341189 0.0935475155711174 461
1751389348674 0.09723065793514252 462
1751389372878 0.10250932723283768 463
1751389377804 0.09851903468370438 464
1751389576947 0.09814625233411789 465
1751389589676 0.09712900966405869 466
1751389602135 0.09694767743349075 467
1751389614582 0.10141861438751221 468
1751389649843 0.10114291310310364 469
1751389662722 0.09718867391347885 470
1751389675188 0.10404279828071594 471
1751389684590 0.09902062267065048 472
1751389708232 0.09614398330450058 473
1751389721050 0.10201220214366913 474
1751389733184 0.09214050322771072 475
1751389745834 0.09410209208726883 476
1751389766460 0.10280665010213852 477
1751389779013 0.09755663573741913 478
1751389788450 0.09634627401828766 479
1751389796248 0.09601476788520813 480
1751389832634 0.09916944801807404 481
1751389845212 0.10038436949253082 482
1751389854787 0.09955509752035141 483
1751389867364 0.09684495627880096 484
1751389899549 0.09572003781795502 485
1751389912106 0.0984175056219101 486
1751389920186 0.09781845659017563 487
1751389928452 0.09721758961677551 488
1751389956130 0.09701105207204819 489
1751389963818 0.09826959669589996 490
1751389971581 0.0936659425497055 491
1751389979617 0.09792632609605789 492
1751390008816 0.10117654502391815 493
1751390016069 0.0987577885389328 494
1751390020988 0.09972718358039856 495
1751390218378 0.10107972472906113 496
1751390231146 0.09640625864267349 497
1751390243644 0.0948692187666893 498
1751390256204 0.09772831946611404 499
1751390288974 0.09712141007184982 500
1751390301847 0.10286951065063477 501
1751390314373 0.10156324505805969 502
1751390326988 0.0953114926815033 503
1751390365205 0.09821072965860367 504
1751390377906 0.09630288183689117 505
1751390387417 0.09970084577798843 506
1751390395420 0.10121423751115799 507
1751390416422 0.10066451132297516 508
1751390424266 0.09566957503557205 509
1751390432526 0.0981581062078476 510
1751390441670 0.09631107747554779 511
1751390483252 0.10012365877628326 512
1751390491896 0.09847518801689148 513
1751390504229 0.09725461900234222 514
1751390515878 0.100535087287426 515
1751390546014 0.09829515218734741 516
1751390558440 0.09957703948020935 517
1751390569238 0.09739074110984802 518
1751390579257 0.09777010232210159 519
1751390607556 0.09726204723119736 520
1751390615126 0.1024341732263565 521
1751390622680 0.09822592884302139 522
1751390630326 0.09567677229642868 523
1751390658891 0.09706633538007736 524
1751390666145 0.09620963037014008 525
1751390671097 0.08998778462409973 526
1751390856270 0.09830989688634872 527
1751390869164 0.0954093337059021 528
1751390881571 0.09574072062969208 529
1751390894017 0.10105098783969879 530
1751390918967 0.0987580269575119 531
1751390927048 0.09915509819984436 532
1751390936365 0.09748341143131256 533
1751390947143 0.09828505665063858 534
1751390977887 0.0998794287443161 535
1751390991230 0.09582643210887909 536
1751391003643 0.1014171689748764 537
1751391014067 0.09603159129619598 538
1751391042373 0.10007823258638382 539
1751391055154 0.09801189601421356 540
1751391065151 0.10149335116147995 541
1751391073616 0.09251049906015396 542
1751391110026 0.09763378649950027 543
1751391120151 0.09896641969680786 544
1751391129635 0.0990021675825119 545
1751391139582 0.09920022636651993 546
1751391175488 0.0974770337343216 547
1751391183457 0.09811162948608398 548
1751391191560 0.09785670787096024 549
1751391200756 0.10375642776489258 550
1751391238192 0.10095033794641495 551
1751391245940 0.09751540422439575 552
1751391253620 0.09810846298933029 553
1751391261301 0.09504964202642441 554
1751391290073 0.09667069464921951 555
1751391297324 0.09690879285335541 556
1751391302296 0.09170626848936081 557
1751391491625 0.09857582300901413 558
1751391504429 0.10012365877628326 559
1751391516849 0.09552742540836334 560
1751391526145 0.0965486615896225 561
1751391554361 0.09829849749803543 562
1751391563950 0.09972893446683884 563
1751391572274 0.10218621045351028 564
1751391580215 0.09851732105016708 565
1751391619396 0.09652217477560043 566
1751391632259 0.10185994952917099 567
1751391643301 0.09661933034658432 568
1751391651148 0.10051704943180084 569
1751391687736 0.09865205734968185 570
1751391696971 0.09783191978931427 571
1751391706247 0.09877137839794159 572
1751391714320 0.09488259255886078 573
1751391756007 0.09518370032310486 574
1751391764428 0.0993538349866867 575
1751391772606 0.09790423512458801 576
1751391780459 0.1028541624546051 577
1751391811862 0.09613468497991562 578
1751391819719 0.09594962745904922 579
1751391828456 0.09958408027887344 580
1751391839585 0.09515488892793655 581
1751391871895 0.09994447231292725 582
1751391879928 0.09841753542423248 583
1751391887621 0.10098203271627426 584
1751391895460 0.0988093763589859 585
1751391923825 0.09471835941076279 586
1751391931031 0.09231313318014145 587
1751391936021 0.09683696925640106 588
1751392125587 0.09842786192893982 589
1751392138336 0.09918464720249176 590
1751392150835 0.09590991586446762 591
1751392163341 0.0947403535246849 592
1751392180020 0.10143720358610153 593
1751392200653 0.09680750221014023 594
1751392213201 0.09533755481243134 595
1751392225889 0.09908292442560196 596
1751392252373 0.09930101782083511 597
1751392263567 0.09859241545200348 598
1751392273434 0.10031742602586746 599
1751392285943 0.10238475352525711 600
1751392310106 0.09767796844244003 601
1751392322825 0.0951647162437439 602
1751392335487 0.09623327851295471 603
1751392348262 0.09993170946836472 604
1751392371826 0.09480904042720795 605
1751392385489 0.09909088909626007 606
1751392398314 0.09508209675550461 607
1751392409726 0.0919765904545784 608
1751392437986 0.09445890039205551 609
1751392450491 0.09937779605388641 610
1751392458715 0.09941177070140839 611
1751392466533 0.09880312532186508 612
1751392492711 0.1023801937699318 613
1751392511654 0.09507792443037033 614
1751392519786 0.09924209862947464 615
1751392527638 0.09705761075019836 616
1751392546880 0.10177294164896011 617
1751392563813 0.10222697257995605 618
1751392568779 0.09515225887298584 619
