1751525910706 0.0 0
1751525914779 0.0 1
1751525918858 0.0 2
1751525923230 0.0 3
1751525950289 0.0 4
1751525956566 0.0 5
1751525961184 0.0 6
1751525967469 0.0 7
1751525976967 0.0 8
1751525981526 0.0 9
1751525987812 0.0 10
1751525994045 0.0 11
1751526011986 0.0 12
1751526018592 0.0 13
1751526024919 0.0 14
1751526031164 0.0 15
1751526042768 0.0 16
1751526049063 0.0 17
1751526055391 0.0 18
1751526061668 0.0 19
1751526073434 0.0 20
1751526079750 0.0 21
1751526086308 0.0 22
1751526092566 0.0 23
1751526105698 0.0 24
1751526111629 0.0 25
1751526115706 0.0 26
1751526122044 0.0 27
1751526141370 0.0 28
1751526147520 0.0 29
1751526152064 0.0 30
1751526158730 0.0 31
1751526172982 0.0 32
1751526177934 0.0 33
1751526182037 0.0 34
1751526186014 0.0 35
1751526206985 0.0 36
1751526212673 0.0 37
1751526216708 0.0 38
1751526223042 0.0 39
1751526239231 0.0 40
1751526243140 0.0 41
1751526247932 0.0 42
1751526253264 0.0 43
1751526265420 0.0 44
1751526271868 0.0 45
1751526278253 0.0 46
1751526284569 0.0 47
1751526298573 0.0 48
1751526305211 0.0 49
1751526310845 0.0 50
1751526314839 0.0 51
1751526329287 0.0 52
1751526333457 0.0 53
1751526337494 0.0 54
1751526342157 0.0 55
1751526357914 0.0 56
1751526361601 0.0 57
1751526365286 0.0 58
1751526369198 0.0 59
1751526382624 0.0 60
1751526383974 0.0 61
1751526498566 0.0 61
1751526531636 1.0 62
1751526538137 1.0 63
1751526544532 1.0 64
1751526550894 1.0 65
1751526560274 1.0 66
1751526570364 1.0 67
1751526575544 1.0 68
1751526579820 1.0 69
1751526593039 1.0 70
1751526597038 1.0 71
1751526603523 1.0 72
1751526609822 1.0 73
1751526629352 1.0 74
1751526635693 1.0 75
1751526641657 1.0 76
1751526646469 1.0 77
1751526659837 1.0 78
1751526665028 1.0 79
1751526669896 1.0 80
1751526674611 1.0 81
1751526692070 1.0 82
1751526696991 1.0 83
1751526703315 1.0 84
1751526709561 1.0 85
1751526722547 1.0 86
1751526728756 1.0 87
1751526733101 1.0 88
1751526739302 1.0 89
1751526754592 1.0 90
1751526760992 1.0 91
1751526767411 1.0 92
1751526772133 1.0 93
1751526789903 1.0 94
1751526796356 1.0 95
1751526802795 1.0 96
1751526809583 1.0 97
1751526822517 1.0 98
1751526828925 1.0 99
1751526834284 1.0 100
1751526840055 1.0 101
1751526855279 1.0 102
1751526860030 1.0 103
1751526866366 1.0 104
1751526872799 1.0 105
1751526889789 1.0 106
1751526896531 1.0 107
1751526902714 1.0 108
1751526908507 1.0 109
1751526920945 1.0 110
1751526927346 1.0 111
1751526931446 1.0 112
1751526935407 1.0 113
1751526949953 1.0 114
1751526956023 1.0 115
1751526962080 1.0 116
1751526967678 1.0 117
1751526982260 1.0 118
1751526985921 1.0 119
1751526989637 1.0 120
1751526993310 1.0 121
1751527006871 1.0 122
1751527008213 1.0 123
1751527123898 1.0 123
1751527156540 2.0 124
1751527162993 2.0 125
1751527169604 2.0 126
1751527175896 2.0 127
1751527187093 2.0 128
1751527195098 2.0 129
1751527201463 2.0 130
1751527207863 2.0 131
1751527224923 2.0 132
1751527231318 2.0 133
1751527237657 2.0 134
1751527243872 2.0 135
1751527262474 2.0 136
1751527267882 2.0 137
1751527272495 2.0 138
1751527276863 2.0 139
1751527294788 2.0 140
1751527299978 2.0 141
1751527304620 2.0 142
1751527309517 2.0 143
1751527323952 2.0 144
1751527329642 2.0 145
1751527333597 2.0 146
1751527338513 2.0 147
1751527359258 2.0 148
1751527364151 2.0 149
1751527368141 2.0 150
1751527374323 2.0 151
1751527389048 2.0 152
1751527394686 2.0 153
1751527400387 2.0 154
1751527407090 2.0 155
1751527417904 2.0 156
1751527423719 2.0 157
1751527430095 2.0 158
1751527434753 2.0 159
1751527451133 2.0 160
1751527456364 2.0 161
1751527461368 2.0 162
1751527467765 2.0 163
1751527480447 2.0 164
1751527486864 2.0 165
1751527491688 2.0 166
1751527498038 2.0 167
1751527511553 2.0 168
1751527517259 2.0 169
1751527523559 2.0 170
1751527529941 2.0 171
1751527547391 2.0 172
1751527551772 2.0 173
1751527555865 2.0 174
1751527562485 2.0 175
1751527580596 2.0 176
1751527586301 2.0 177
1751527590385 2.0 178
1751527594216 2.0 179
1751527604717 2.0 180
1751527608412 2.0 181
1751527612090 2.0 182
1751527615995 2.0 183
1751527629461 2.0 184
1751527630818 2.0 185
1751527744236 2.0 185
1751527777530 3.0 186
1751527783836 3.0 187
1751527789824 3.0 188
1751527795308 3.0 189
1751527806559 3.0 190
1751527813018 3.0 191
1751527819353 3.0 192
1751527826126 3.0 193
1751527839141 3.0 194
1751527845580 3.0 195
1751527851099 3.0 196
1751527856444 3.0 197
1751527870499 3.0 198
1751527878955 3.0 199
1751527885153 3.0 200
1751527890833 3.0 201
1751527900064 3.0 202
1751527908363 3.0 203
1751527914783 3.0 204
1751527921231 3.0 205
1751527932404 3.0 206
1751527941470 3.0 207
1751527947889 3.0 208
1751527954125 3.0 209
1751527960319 3.0 210
1751527976377 3.0 211
1751527981388 3.0 212
1751527986143 3.0 213
1751527992520 3.0 214
1751528003590 3.0 215
1751528010056 3.0 216
1751528016453 3.0 217
1751528022809 3.0 218
1751528036574 3.0 219
1751528042257 3.0 220
1751528048640 3.0 221
1751528053385 3.0 222
1751528066879 3.0 223
1751528073307 3.0 224
1751528079696 3.0 225
1751528085184 3.0 226
1751528099484 3.0 227
1751528105946 3.0 228
1751528111339 3.0 229
1751528117256 3.0 230
1751528131348 3.0 231
1751528137734 3.0 232
1751528144156 3.0 233
1751528148940 3.0 234
1751528162270 3.0 235
1751528166952 3.0 236
1751528173324 3.0 237
1751528179854 3.0 238
1751528191954 3.0 239
1751528198725 3.0 240
1751528205093 3.0 241
1751528211503 3.0 242
1751528223533 3.0 243
1751528228765 3.0 244
1751528232708 3.0 245
1751528236338 3.0 246
1751528237671 3.0 247
1751528354238 3.0 247
1751528387064 4.0 248
1751528393385 4.0 249
1751528400035 4.0 250
1751528406068 4.0 251
1751528415595 4.0 252
1751528419615 4.0 253
1751528423635 4.0 254
1751528428365 4.0 255
1751528450496 4.0 256
1751528456849 4.0 257
1751528463425 4.0 258
1751528469384 4.0 259
1751528483206 4.0 260
1751528489693 4.0 261
1751528496074 4.0 262
1751528502424 4.0 263
1751528515720 4.0 264
1751528522043 4.0 265
1751528528448 4.0 266
1751528534886 4.0 267
1751528551742 4.0 268
1751528555934 4.0 269
1751528560025 4.0 270
1751528564083 4.0 271
1751528587074 4.0 272
1751528592789 4.0 273
1751528598942 4.0 274
1751528605379 4.0 275
1751528620158 4.0 276
1751528626428 4.0 277
1751528631793 4.0 278
1751528635739 4.0 279
1751528648305 4.0 280
1751528653080 4.0 281
1751528659092 4.0 282
1751528665357 4.0 283
1751528679574 4.0 284
1751528686030 4.0 285
1751528692395 4.0 286
1751528698752 4.0 287
1751528713265 4.0 288
1751528718482 4.0 289
1751528724774 4.0 290
1751528729347 4.0 291
1751528743890 4.0 292
1751528750200 4.0 293
1751528756504 4.0 294
1751528762996 4.0 295
1751528771286 4.0 296
1751528776597 4.0 297
1751528780876 4.0 298
1751528785132 4.0 299
1751528802807 4.0 300
1751528808591 4.0 301
1751528815041 4.0 302
1751528820666 4.0 303
1751528828040 4.0 304
1751528831833 4.0 305
1751528835538 4.0 306
1751528839490 4.0 307
1751528853250 4.0 308
1751528854619 4.0 309
1751528969220 4.0 309
1751529002174 5.0 310
1751529008575 5.0 311
1751529013626 5.0 312
1751529020023 5.0 313
1751529032632 5.0 314
1751529039002 5.0 315
1751529045731 5.0 316
1751529052114 5.0 317
1751529062670 5.0 318
1751529066614 5.0 319
1751529072983 5.0 320
1751529079411 5.0 321
1751529094322 5.0 322
1751529100458 5.0 323
1751529106800 5.0 324
1751529113195 5.0 325
1751529124655 5.0 326
1751529131074 5.0 327
1751529135052 5.0 328
1751529139033 5.0 329
1751529151508 5.0 330
1751529161626 5.0 331
1751529168065 5.0 332
1751529173325 5.0 333
1751529184026 5.0 334
1751529190791 5.0 335
1751529197196 5.0 336
1751529202820 5.0 337
1751529216799 5.0 338
1751529220751 5.0 339
1751529227808 5.0 340
1751529232422 5.0 341
1751529248981 5.0 342
1751529255435 5.0 343
1751529263336 5.0 344
1751529270176 5.0 345
1751529279605 5.0 346
1751529286129 5.0 347
1751529296132 5.0 348
1751529300615 5.0 349
1751529313322 5.0 350
1751529319622 5.0 351
1751529326662 5.0 352
1751529331972 5.0 353
1751529345426 5.0 354
1751529349424 5.0 355
1751529357255 5.0 356
1751529361249 5.0 357
1751529378661 5.0 358
1751529382680 5.0 359
1751529386608 5.0 360
1751529390565 5.0 361
1751529413001 5.0 362
1751529419131 5.0 363
1751529424798 5.0 364
1751529431102 5.0 365
1751529440795 5.0 366
1751529444876 5.0 367
1751529449209 5.0 368
1751529453190 5.0 369
1751529466524 5.0 370
1751529467872 5.0 371
1751529582533 5.0 371
1751529615413 6.0 372
1751529621802 6.0 373
1751529628494 6.0 374
1751529634894 6.0 375
1751529643094 6.0 376
1751529647037 6.0 377
1751529651008 6.0 378
1751529656806 6.0 379
1751529672984 6.0 380
1751529680358 6.0 381
1751529686847 6.0 382
1751529693515 6.0 383
1751529702440 6.0 384
1751529715962 6.0 385
1751529722303 6.0 386
1751529726491 6.0 387
1751529734335 6.0 388
1751529746410 6.0 389
1751529752849 6.0 390
1751529759153 6.0 391
1751529764226 6.0 392
1751529781271 6.0 393
1751529786453 6.0 394
1751529792746 6.0 395
1751529799559 6.0 396
1751529811194 6.0 397
1751529816478 6.0 398
1751529822876 6.0 399
1751529827966 6.0 400
1751529844615 6.0 401
1751529851340 6.0 402
1751529857645 6.0 403
1751529863556 6.0 404
1751529875716 6.0 405
1751529882140 6.0 406
1751529888559 6.0 407
1751529896461 6.0 408
1751529904097 6.0 409
1751529910545 6.0 410
1751529916949 6.0 411
1751529926881 6.0 412
1751529939001 6.0 413
1751529943177 6.0 414
1751529949598 6.0 415
1751529955397 6.0 416
1751529971089 6.0 417
1751529977264 6.0 418
1751529983093 6.0 419
1751529987758 6.0 420
1751530002737 6.0 421
1751530009063 6.0 422
1751530015617 6.0 423
1751530020613 6.0 424
1751530031851 6.0 425
1751530038355 6.0 426
1751530044593 6.0 427
1751530049798 6.0 428
1751530061260 6.0 429
1751530065358 6.0 430
1751530069350 6.0 431
1751530076185 6.0 432
1751530077547 6.0 433
1751530192689 6.0 433
1751530224301 7.0 434
1751530228277 7.0 435
1751530232205 7.0 436
1751530236152 7.0 437
1751530253613 7.0 438
1751530262078 7.0 439
1751530268484 7.0 440
1751530275114 7.0 441
1751530285991 7.0 442
1751530292527 7.0 443
1751530296506 7.0 444
1751530300489 7.0 445
1751530312412 7.0 446
1751530325306 7.0 447
1751530331652 7.0 448
1751530338002 7.0 449
1751530344669 7.0 450
1751530357401 7.0 451
1751530363477 7.0 452
1751530369828 7.0 453
1751530375635 7.0 454
1751530388511 7.0 455
1751530394887 7.0 456
1751530401298 7.0 457
1751530407826 7.0 458
1751530417561 7.0 459
1751530423208 7.0 460
1751530428826 7.0 461
1751530435274 7.0 462
1751530451864 7.0 463
1751530457734 7.0 464
1751530461732 7.0 465
1751530465802 7.0 466
1751530484901 7.0 467
1751530491326 7.0 468
1751530497589 7.0 469
1751530503946 7.0 470
1751530520112 7.0 471
1751530524306 7.0 472
1751530528414 7.0 473
1751530534023 7.0 474
1751530554107 7.0 475
1751530560420 7.0 476
1751530566841 7.0 477
1751530573515 7.0 478
1751530582568 7.0 479
1751530586861 7.0 480
1751530590864 7.0 481
1751530597191 7.0 482
1751530618872 7.0 483
1751530623344 7.0 484
1751530628560 7.0 485
1751530634981 7.0 486
1751530654979 7.0 487
1751530659691 7.0 488
1751530663954 7.0 489
1751530668398 7.0 490
1751530682365 7.0 491
1751530686061 7.0 492
1751530689702 7.0 493
1751530693324 7.0 494
1751530694669 7.0 495
1751530809440 7.0 495
1751530842464 8.0 496
1751530846508 8.0 497
1751530850852 8.0 498
1751530854836 8.0 499
1751530877004 8.0 500
1751530882728 8.0 501
1751530888702 8.0 502
1751530895054 8.0 503
1751530906845 8.0 504
1751530912799 8.0 505
1751530919203 8.0 506
1751530925885 8.0 507
1751530933989 8.0 508
1751530940558 8.0 509
1751530946980 8.0 510
1751530953022 8.0 511
1751530965160 8.0 512
1751530969943 8.0 513
1751530974314 8.0 514
1751530978440 8.0 515
1751530997232 8.0 516
1751531003923 8.0 517
1751531010640 8.0 518
1751531014721 8.0 519
1751531025138 8.0 520
1751531032289 8.0 521
1751531039046 8.0 522
1751531045364 8.0 523
1751531058921 8.0 524
1751531066615 8.0 525
1751531073006 8.0 526
1751531078808 8.0 527
1751531091542 8.0 528
1751531097964 8.0 529
1751531102294 8.0 530
1751531108592 8.0 531
1751531123304 8.0 532
1751531129655 8.0 533
1751531136196 8.0 534
1751531142590 8.0 535
1751531162037 8.0 536
1751531168593 8.0 537
1751531173795 8.0 538
1751531179510 8.0 539
1751531192334 8.0 540
1751531198650 8.0 541
1751531205029 8.0 542
1751531211125 8.0 543
1751531224000 8.0 544
1751531230694 8.0 545
1751531236818 8.0 546
1751531243200 8.0 547
1751531256470 8.0 548
1751531262923 8.0 549
1751531269317 8.0 550
1751531275710 8.0 551
1751531283467 8.0 552
1751531287188 8.0 553
1751531291087 8.0 554
1751531294770 8.0 555
1751531308295 8.0 556
1751531309660 8.0 557
1751531423088 8.0 557
1751531456003 9.0 558
1751531462421 9.0 559
1751531468756 9.0 560
1751531475157 9.0 561
1751531487964 9.0 562
1751531494115 9.0 563
1751531500804 9.0 564
1751531507162 9.0 565
1751531520462 9.0 566
1751531526778 9.0 567
1751531533232 9.0 568
1751531539616 9.0 569
1751531546112 9.0 570
1751531552509 9.0 571
1751531558919 9.0 572
1751531565674 9.0 573
1751531582308 9.0 574
1751531588663 9.0 575
1751531595012 9.0 576
1751531601436 9.0 577
1751531612930 9.0 578
1751531617005 9.0 579
1751531620932 9.0 580
1751531624957 9.0 581
1751531647831 9.0 582
1751531652905 9.0 583
1751531659428 9.0 584
1751531665781 9.0 585
1751531679350 9.0 586
1751531685278 9.0 587
1751531691691 9.0 588
1751531696760 9.0 589
1751531712703 9.0 590
1751531719105 9.0 591
1751531724814 9.0 592
1751531731541 9.0 593
1751531738571 9.0 594
1751531742660 9.0 595
1751531750509 9.0 596
1751531757005 9.0 597
1751531772762 9.0 598
1751531779175 9.0 599
1751531783306 9.0 600
1751531787520 9.0 601
1751531803811 9.0 602
1751531810315 9.0 603
1751531816708 9.0 604
1751531823115 9.0 605
1751531832020 9.0 606
1751531838455 9.0 607
1751531851745 9.0 608
1751531858161 9.0 609
1751531862360 9.0 610
1751531866628 9.0 611
1751531885485 9.0 612
1751531889453 9.0 613
1751531893321 9.0 614
1751531897552 9.0 615
1751531912044 9.0 616
1751531915663 9.0 617
1751531919282 9.0 618
1751531920618 9.0 619
1751532037425 9.0 619
1751532070320 10.0 620
1751532076689 10.0 621
1751532083327 10.0 622
1751532089790 10.0 623
1751532097719 10.0 624
1751532105999 10.0 625
1751532110725 10.0 626
1751532114702 10.0 627
1751532124971 10.0 628
1751532138919 10.0 629
1751532143744 10.0 630
1751532150367 10.0 631
1751532158591 10.0 632
1751532168052 10.0 633
1751532173180 10.0 634
1751532179562 10.0 635
1751532191543 10.0 636
1751532200530 10.0 637
1751532204529 10.0 638
1751532209350 10.0 639
1751532225684 10.0 640
1751532232748 10.0 641
1751532239097 10.0 642
1751532245458 10.0 643
1751532253098 10.0 644
1751532268064 10.0 645
1751532274294 10.0 646
1751532280688 10.0 647
1751532287188 10.0 648
1751532297574 10.0 649
1751532304197 10.0 650
1751532310534 10.0 651
1751532315270 10.0 652
1751532330192 10.0 653
1751532335492 10.0 654
1751532340600 10.0 655
1751532349012 10.0 656
1751532361101 10.0 657
1751532367460 10.0 658
1751532373671 10.0 659
1751532382036 10.0 660
1751532387529 10.0 661
1751532394024 10.0 662
1751532399557 10.0 663
1751532412483 10.0 664
1751532421314 10.0 665
1751532426153 10.0 666
1751532432666 10.0 667
1751532441508 10.0 668
1751532452026 10.0 669
1751532458650 10.0 670
1751532465024 10.0 671
1751532472482 10.0 672
1751532480002 10.0 673
1751532484259 10.0 674
1751532488258 10.0 675
1751532506430 10.0 676
1751532510787 10.0 677
1751532514936 10.0 678
1751532518792 10.0 679
1751532531048 10.0 680
1751532532386 10.0 681
1751532649860 10.0 681
1751532682912 11.0 682
1751532689290 11.0 683
1751532695236 11.0 684
1751532701584 11.0 685
1751532718259 11.0 686
1751532724548 11.0 687
1751532731003 11.0 688
1751532736910 11.0 689
1751532751159 11.0 690
1751532757598 11.0 691
1751532762051 11.0 692
1751532766078 11.0 693
1751532780608 11.0 694
1751532786968 11.0 695
1751532791951 11.0 696
1751532798372 11.0 697
1751532811031 11.0 698
1751532816711 11.0 699
1751532821519 11.0 700
1751532827414 11.0 701
1751532840639 11.0 702
1751532847099 11.0 703
1751532855323 11.0 704
1751532859281 11.0 705
1751532872842 11.0 706
1751532879354 11.0 707
1751532886860 11.0 708
1751532890795 11.0 709
1751532909707 11.0 710
1751532914841 11.0 711
1751532921238 11.0 712
1751532927225 11.0 713
1751532941012 11.0 714
1751532945155 11.0 715
1751532951821 11.0 716
1751532958086 11.0 717
1751532974166 11.0 718
1751532979214 11.0 719
1751532983898 11.0 720
1751532988682 11.0 721
1751533006433 11.0 722
1751533012724 11.0 723
1751533016817 11.0 724
1751533021500 11.0 725
1751533039555 11.0 726
1751533046047 11.0 727
1751533050354 11.0 728
1751533056721 11.0 729
1751533068613 11.0 730
1751533074777 11.0 731
1751533080806 11.0 732
1751533086879 11.0 733
1751533099918 11.0 734
1751533105711 11.0 735
1751533112013 11.0 736
1751533118380 11.0 737
1751533129337 11.0 738
1751533133020 11.0 739
1751533136693 11.0 740
1751533140378 11.0 741
1751533154041 11.0 742
1751533155384 11.0 743
1751533272209 11.0 743
1751533305640 12.0 744
1751533312183 12.0 745
1751533318426 12.0 746
1751533324737 12.0 747
1751533332705 12.0 748
1751533336793 12.0 749
1751533343084 12.0 750
1751533347046 12.0 751
1751533364421 12.0 752
1751533372892 12.0 753
1751533379315 12.0 754
1751533386080 12.0 755
1751533392567 12.0 756
1751533402828 12.0 757
1751533409247 12.0 758
1751533414469 12.0 759
1751533427841 12.0 760
1751533434233 12.0 761
1751533439371 12.0 762
1751533445747 12.0 763
1751533460786 12.0 764
1751533467228 12.0 765
1751533472890 12.0 766
1751533479203 12.0 767
1751533493243 12.0 768
1751533497275 12.0 769
1751533501245 12.0 770
1751533506321 12.0 771
1751533527474 12.0 772
1751533533471 12.0 773
1751533538775 12.0 774
1751533545191 12.0 775
1751533559149 12.0 776
1751533564320 12.0 777
1751533570665 12.0 778
1751533577218 12.0 779
1751533589537 12.0 780
1751533595866 12.0 781
1751533602286 12.0 782
1751533606868 12.0 783
1751533622351 12.0 784
1751533627446 12.0 785
1751533632791 12.0 786
1751533638999 12.0 787
1751533659289 12.0 788
1751533664950 12.0 789
1751533669237 12.0 790
1751533675076 12.0 791
1751533690668 12.0 792
1751533697157 12.0 793
1751533703556 12.0 794
1751533709380 12.0 795
1751533725883 12.0 796
1751533732371 12.0 797
1751533736676 12.0 798
1751533740391 12.0 799
1751533755027 12.0 800
1751533758717 12.0 801
1751533762667 12.0 802
1751533766368 12.0 803
1751533779658 12.0 804
1751533781021 12.0 805
1751533897178 12.0 805
1751533930021 13.0 806
1751533936335 13.0 807
1751533942692 13.0 808
1751533949020 13.0 809
1751533963115 13.0 810
1751533967494 13.0 811
1751533972054 13.0 812
1751533978406 13.0 813
1751533990325 13.0 814
1751533997831 13.0 815
1751534004187 13.0 816
1751534010546 13.0 817
1751534017623 13.0 818
1751534035537 13.0 819
1751534039912 13.0 820
1751534044203 13.0 821
1751534048933 13.0 822
1751534072332 13.0 823
1751534077869 13.0 824
1751534081867 13.0 825
1751534085823 13.0 826
1751534099441 13.0 827
1751534105912 13.0 828
1751534112429 13.0 829
1751534118722 13.0 830
1751534126392 13.0 831
1751534132752 13.0 832
1751534139065 13.0 833
1751534145380 13.0 834
1751534154579 13.0 835
1751534159679 13.0 836
1751534166017 13.0 837
1751534172399 13.0 838
1751534184480 13.0 839
1751534190210 13.0 840
1751534196136 13.0 841
1751534200212 13.0 842
1751534216413 13.0 843
1751534222886 13.0 844
1751534229414 13.0 845
1751534235719 13.0 846
1751534252090 13.0 847
1751534258475 13.0 848
1751534264832 13.0 849
1751534270358 13.0 850
1751534277546 13.0 851
1751534284063 13.0 852
1751534290586 13.0 853
1751534296923 13.0 854
1751534308030 13.0 855
1751534316915 13.0 856
1751534321659 13.0 857
1751534328056 13.0 858
1751534341641 13.0 859
1751534350365 13.0 860
1751534356872 13.0 861
1751534363143 13.0 862
1751534371426 13.0 863
1751534383336 13.0 864
1751534386964 13.0 865
1751534390581 13.0 866
1751534391918 13.0 867
1751534507494 13.0 867
1751534540382 14.0 868
1751534546767 14.0 869
1751534553411 14.0 870
1751534557482 14.0 871
1751534567285 14.0 872
1751534573702 14.0 873
1751534577627 14.0 874
1751534581694 14.0 875
1751534594717 14.0 876
1751534610433 14.0 877
1751534616816 14.0 878
1751534623229 14.0 879
1751534629941 14.0 880
1751534640874 14.0 881
1751534646126 14.0 882
1751534652498 14.0 883
1751534657364 14.0 884
1751534675599 14.0 885
1751534681315 14.0 886
1751534686098 14.0 887
1751534692302 14.0 888
1751534708987 14.0 889
1751534715324 14.0 890
1751534720342 14.0 891
1751534726729 14.0 892
1751534741908 14.0 893
1751534747098 14.0 894
1751534751069 14.0 895
1751534757270 14.0 896
1751534775271 14.0 897
1751534781570 14.0 898
1751534787993 14.0 899
1751534793911 14.0 900
1751534802817 14.0 901
1751534808596 14.0 902
1751534815179 14.0 903
1751534820340 14.0 904
1751534832105 14.0 905
1751534837641 14.0 906
1751534844039 14.0 907
1751534848413 14.0 908
1751534868373 14.0 909
1751534873791 14.0 910
1751534880033 14.0 911
1751534885300 14.0 912
1751534902135 14.0 913
1751534908530 14.0 914
1751534914737 14.0 915
1751534921264 14.0 916
1751534931922 14.0 917
1751534937739 14.0 918
1751534942615 14.0 919
1751534948960 14.0 920
1751534964992 14.0 921
1751534971455 14.0 922
1751534975582 14.0 923
1751534979653 14.0 924
1751534991768 14.0 925
1751534995485 14.0 926
1751534999388 14.0 927
1751535003052 14.0 928
1751535004402 14.0 929
1751535121363 14.0 929
1751535154559 15.0 930
1751535160868 15.0 931
1751535167335 15.0 932
1751535173766 15.0 933
1751535183773 15.0 934
1751535190157 15.0 935
1751535195930 15.0 936
1751535202654 15.0 937
1751535215830 15.0 938
1751535221327 15.0 939
1751535225552 15.0 940
1751535230047 15.0 941
1751535252518 15.0 942
1751535258353 15.0 943
1751535262565 15.0 944
1751535266620 15.0 945
1751535290337 15.0 946
1751535296614 15.0 947
1751535302465 15.0 948
1751535307244 15.0 949
1751535321572 15.0 950
1751535327714 15.0 951
1751535331906 15.0 952
1751535335829 15.0 953
1751535354229 15.0 954
1751535360522 15.0 955
1751535365448 15.0 956
1751535370224 15.0 957
1751535384066 15.0 958
1751535390464 15.0 959
1751535396796 15.0 960
1751535403175 15.0 961
1751535412481 15.0 962
1751535418115 15.0 963
1751535422999 15.0 964
1751535427322 15.0 965
1751535442689 15.0 966
1751535449067 15.0 967
1751535455012 15.0 968
1751535458972 15.0 969
1751535473420 15.0 970
1751535479900 15.0 971
1751535484874 15.0 972
1751535491120 15.0 973
1751535507624 15.0 974
1751535514298 15.0 975
1751535520222 15.0 976
1751535526579 15.0 977
1751535540793 15.0 978
1751535547206 15.0 979
1751535552608 15.0 980
1751535556661 15.0 981
1751535572609 15.0 982
1751535576644 15.0 983
1751535582167 15.0 984
1751535586929 15.0 985
1751535597885 15.0 986
1751535603330 15.0 987
1751535607115 15.0 988
1751535610828 15.0 989
1751535622841 15.0 990
1751535624181 15.0 991
1751535742140 15.0 991
1751535775103 16.0 992
1751535781160 16.0 993
1751535787103 16.0 994
1751535791117 16.0 995
1751535805763 16.0 996
1751535812108 16.0 997
1751535817999 16.0 998
1751535821981 16.0 999
1751535832131 16.0 1000
1751535836307 16.0 1001
1751535843238 16.0 1002
1751535849545 16.0 1003
1751535860903 16.0 1004
1751535872930 16.0 1005
1751535879135 16.0 1006
1751535884739 16.0 1007
1751535890806 16.0 1008
1751535905226 16.0 1009
1751535911564 16.0 1010
1751535916897 16.0 1011
1751535921695 16.0 1012
1751535940379 16.0 1013
1751535945553 16.0 1014
1751535950851 16.0 1015
1751535954965 16.0 1016
1751535969688 16.0 1017
1751535973755 16.0 1018
1751535983482 16.0 1019
1751535989907 16.0 1020
1751535999184 16.0 1021
1751536005945 16.0 1022
1751536012517 16.0 1023
1751536020854 16.0 1024
1751536032663 16.0 1025
1751536038748 16.0 1026
1751536047932 16.0 1027
1751536054273 16.0 1028
1751536063665 16.0 1029
1751536069550 16.0 1030
1751536083980 16.0 1031
1751536090979 16.0 1032
1751536097251 16.0 1033
1751536103116 16.0 1034
1751536117945 16.0 1035
1751536122614 16.0 1036
1751536126622 16.0 1037
1751536132716 16.0 1038
1751536152130 16.0 1039
1751536156342 16.0 1040
1751536162593 16.0 1041
1751536168993 16.0 1042
1751536184625 16.0 1043
1751536190879 16.0 1044
1751536197408 16.0 1045
1751536203860 16.0 1046
1751536216419 16.0 1047
1751536220411 16.0 1048
1751536224319 16.0 1049
1751536228300 16.0 1050
1751536242455 16.0 1051
1751536246113 16.0 1052
1751536247456 16.0 1053
1751536364780 16.0 1053
1751536397940 17.0 1054
1751536402001 17.0 1055
1751536406440 17.0 1056
1751536410494 17.0 1057
1751536432914 17.0 1058
1751536439308 17.0 1059
1751536445772 17.0 1060
1751536452476 17.0 1061
1751536463352 17.0 1062
1751536469776 17.0 1063
1751536476287 17.0 1064
1751536482790 17.0 1065
1751536494900 17.0 1066
1751536501629 17.0 1067
1751536508091 17.0 1068
1751536513809 17.0 1069
1751536526224 17.0 1070
1751536535939 17.0 1071
1751536541937 17.0 1072
1751536547042 17.0 1073
1751536562048 17.0 1074
1751536568583 17.0 1075
1751536574996 17.0 1076
1751536581274 17.0 1077
1751536591911 17.0 1078
1751536597709 17.0 1079
1751536603409 17.0 1080
1751536608211 17.0 1081
1751536622781 17.0 1082
1751536629401 17.0 1083
1751536634126 17.0 1084
1751536640535 17.0 1085
1751536654732 17.0 1086
1751536661241 17.0 1087
1751536666015 17.0 1088
1751536672091 17.0 1089
1751536687334 17.0 1090
1751536693762 17.0 1091
1751536700189 17.0 1092
1751536706711 17.0 1093
1751536717040 17.0 1094
1751536723753 17.0 1095
1751536728704 17.0 1096
1751536734534 17.0 1097
1751536754016 17.0 1098
1751536760576 17.0 1099
1751536767154 17.0 1100
1751536771555 17.0 1101
1751536788894 17.0 1102
1751536795284 17.0 1103
1751536800573 17.0 1104
1751536805426 17.0 1105
1751536820904 17.0 1106
1751536826244 17.0 1107
1751536830661 17.0 1108
1751536834750 17.0 1109
1751536848498 17.0 1110
1751536852300 17.0 1111
1751536856028 17.0 1112
1751536859726 17.0 1113
1751536873251 17.0 1114
1751536874616 17.0 1115
1751536991430 17.0 1115
1751537023706 18.0 1116
1751537030088 18.0 1117
1751537036500 18.0 1118
1751537043195 18.0 1119
1751537060237 18.0 1120
1751537066542 18.0 1121
1751537073033 18.0 1122
1751537079465 18.0 1123
1751537090991 18.0 1124
1751537097398 18.0 1125
1751537103731 18.0 1126
1751537110097 18.0 1127
1751537122789 18.0 1128
1751537129107 18.0 1129
1751537135194 18.0 1130
1751537139302 18.0 1131
1751537150857 18.0 1132
1751537157258 18.0 1133
1751537163731 18.0 1134
1751537170093 18.0 1135
1751537179748 18.0 1136
1751537186602 18.0 1137
1751537193035 18.0 1138
1751537199350 18.0 1139
1751537211334 18.0 1140
1751537215421 18.0 1141
1751537221921 18.0 1142
1751537228347 18.0 1143
1751537244853 18.0 1144
1751537251298 18.0 1145
1751537257671 18.0 1146
1751537263392 18.0 1147
1751537276122 18.0 1148
1751537281689 18.0 1149
1751537288164 18.0 1150
1751537294521 18.0 1151
1751537309247 18.0 1152
1751537313892 18.0 1153
1751537320048 18.0 1154
1751537326213 18.0 1155
1751537342728 18.0 1156
1751537347436 18.0 1157
1751537353766 18.0 1158
1751537360223 18.0 1159
1751537374197 18.0 1160
1751537380569 18.0 1161
1751537386932 18.0 1162
1751537393263 18.0 1163
1751537402879 18.0 1164
1751537409577 18.0 1165
1751537415423 18.0 1166
1751537419683 18.0 1167
1751537434437 18.0 1168
1751537444234 18.0 1169
1751537449532 18.0 1170
1751537453557 18.0 1171
1751537459329 18.0 1172
1751537468734 18.0 1173
1751537472529 18.0 1174
1751537476497 18.0 1175
1751537484650 18.0 1176
1751537486012 18.0 1177
1751537600597 18.0 1177
1751537633628 19.0 1178
1751537637786 19.0 1179
1751537641798 19.0 1180
1751537645865 19.0 1181
1751537661062 19.0 1182
1751537668439 19.0 1183
1751537674080 19.0 1184
1751537678615 19.0 1185
1751537695578 19.0 1186
1751537701717 19.0 1187
1751537705687 19.0 1188
1751537709647 19.0 1189
1751537726646 19.0 1190
1751537734457 19.0 1191
1751537740780 19.0 1192
1751537747113 19.0 1193
1751537759511 19.0 1194
1751537768899 19.0 1195
1751537775405 19.0 1196
1751537781817 19.0 1197
1751537788407 19.0 1198
1751537803410 19.0 1199
1751537807329 19.0 1200
1751537811384 19.0 1201
1751537820046 19.0 1202
1751537838005 19.0 1203
1751537843074 19.0 1204
1751537847050 19.0 1205
1751537851052 19.0 1206
1751537867980 19.0 1207
1751537873583 19.0 1208
1751537877554 19.0 1209
1751537885851 19.0 1210
1751537896315 19.0 1211
1751537902837 19.0 1212
1751537909496 19.0 1213
1751537914258 19.0 1214
1751537927722 19.0 1215
1751537932790 19.0 1216
1751537938579 19.0 1217
1751537950275 19.0 1218
1751537958260 19.0 1219
1751537963125 19.0 1220
1751537969455 19.0 1221
1751537984221 19.0 1222
1751537989595 19.0 1223
1751537995954 19.0 1224
1751538002452 19.0 1225
1751538020055 19.0 1226
1751538026485 19.0 1227
1751538031699 19.0 1228
1751538037041 19.0 1229
1751538052191 19.0 1230
1751538058457 19.0 1231
1751538063487 19.0 1232
1751538067566 19.0 1233
1751538077665 19.0 1234
1751538082961 19.0 1235
1751538086797 19.0 1236
1751538090562 19.0 1237
1751538102823 19.0 1238
1751538104193 19.0 1239
1751538223109 19.0 1239
