1751525910706 0.21069182455539703 0
1751525914779 0.19434261322021484 1
1751525918858 0.1844348907470703 2
1751525923230 0.17820650339126587 3
1751525950289 0.17024683952331543 4
1751525956566 0.16795623302459717 5
1751525961184 0.16269895434379578 6
1751525967469 0.17293769121170044 7
1751525976967 0.15260015428066254 8
1751525981526 0.16405968368053436 9
1751525987812 0.16515329480171204 10
1751525994045 0.15657390654087067 11
1751526011986 0.15195660293102264 12
1751526018592 0.15252180397510529 13
1751526024919 0.149648517370224 14
1751526031164 0.14578157663345337 15
1751526042768 0.14833733439445496 16
1751526049063 0.13302040100097656 17
1751526055391 0.13104839622974396 18
1751526061668 0.13264648616313934 19
1751526073434 0.13787366449832916 20
1751526079750 0.11452458053827286 21
1751526086308 0.1155167743563652 22
1751526092566 0.11616525799036026 23
1751526105698 0.12361626327037811 24
1751526111629 0.12826895713806152 25
1751526115706 0.11321237683296204 26
1751526122044 0.12191600352525711 27
1751526141370 0.12142172455787659 28
1751526147520 0.11352242529392242 29
1751526152064 0.1143902912735939 30
1751526158730 0.12179392576217651 31
1751526172982 0.11229538917541504 32
1751526177934 0.11291590332984924 33
1751526182037 0.10728780925273895 34
1751526186014 0.10957938432693481 35
1751526206985 0.11602901667356491 36
1751526212673 0.11496911197900772 37
1751526216708 0.11396843940019608 38
1751526223042 0.10994620621204376 39
1751526239231 0.10770516097545624 40
1751526243140 0.11120360344648361 41
1751526247932 0.10807715356349945 42
1751526253264 0.10851211100816727 43
1751526265420 0.1096087247133255 44
1751526271868 0.11178449541330338 45
1751526278253 0.1080520749092102 46
1751526284569 0.10665060579776764 47
1751526298573 0.10537628829479218 48
1751526305211 0.09783001244068146 49
1751526310845 0.10514136403799057 50
1751526314839 0.11063897609710693 51
1751526329287 0.11211463809013367 52
1751526333457 0.10579750686883926 53
1751526337494 0.10268449783325195 54
1751526342157 0.10903060436248779 55
1751526357914 0.11355272680521011 56
1751526361601 0.11218114197254181 57
1751526365286 0.10269714146852493 58
1751526369198 0.10161024332046509 59
1751526382624 0.10296517610549927 60
1751526383974 0.10229990631341934 61
1751526531636 0.10552436858415604 62
1751526538137 0.11264368146657944 63
1751526544532 0.11102917045354843 64
1751526550894 0.10897241532802582 65
1751526560274 0.11048246920108795 66
1751526570364 0.11088071763515472 67
1751526575544 0.09918814897537231 68
1751526579820 0.10664951801300049 69
1751526593039 0.10360811650753021 70
1751526597038 0.1079050675034523 71
1751526603523 0.10386974364519119 72
1751526609822 0.1059374213218689 73
1751526629352 0.10325439274311066 74
1751526635693 0.10872635245323181 75
1751526641657 0.10641711950302124 76
1751526646469 0.09479440748691559 77
1751526659837 0.1041649729013443 78
1751526665028 0.10414531081914902 79
1751526669896 0.10660548508167267 80
1751526674611 0.11099640280008316 81
1751526692070 0.10134349763393402 82
1751526696991 0.10228803008794785 83
1751526703315 0.10189197957515717 84
1751526709561 0.10702168941497803 85
1751526722547 0.1119987815618515 86
1751526728756 0.09654995799064636 87
1751526733101 0.10385075211524963 88
1751526739302 0.10519732534885406 89
1751526754592 0.10344111919403076 90
1751526760992 0.1074710339307785 91
1751526767411 0.10574948787689209 92
1751526772133 0.10083645582199097 93
1751526789903 0.10493897646665573 94
1751526796356 0.10278821736574173 95
1751526802795 0.11143596470355988 96
1751526809583 0.10660168528556824 97
1751526822517 0.0998029038310051 98
1751526828925 0.09929899871349335 99
1751526834284 0.10408040881156921 100
1751526840055 0.09961631149053574 101
1751526855279 0.10808683931827545 102
1751526860030 0.10824248194694519 103
1751526866366 0.10750098526477814 104
1751526872799 0.09653248637914658 105
1751526889789 0.10551241785287857 106
1751526896531 0.11108815670013428 107
1751526902714 0.1037805899977684 108
1751526908507 0.09400001913309097 109
1751526920945 0.10167092829942703 110
1751526927346 0.10475720465183258 111
1751526931446 0.09831982105970383 112
1751526935407 0.11111349612474442 113
1751526949953 0.10385999828577042 114
1751526956023 0.10616353899240494 115
1751526962080 0.10215260833501816 116
1751526967678 0.10844404995441437 117
1751526982260 0.10309059172868729 118
1751526985921 0.1033715233206749 119
1751526989637 0.09593953937292099 120
1751526993310 0.10732170939445496 121
1751527006871 0.1107337474822998 122
1751527008213 0.09729886800050735 123
1751527156540 0.0965060368180275 124
1751527162993 0.10488077253103256 125
1751527169604 0.10836924612522125 126
1751527175896 0.09694284945726395 127
1751527187093 0.10192020237445831 128
1751527195098 0.10281245410442352 129
1751527201463 0.09539967030286789 130
1751527207863 0.10287991911172867 131
1751527224923 0.10175462067127228 132
1751527231318 0.09919030219316483 133
1751527237657 0.10128950327634811 134
1751527243872 0.10060562938451767 135
1751527262474 0.10317173600196838 136
1751527267882 0.09205072373151779 137
1751527272495 0.10908856987953186 138
1751527276863 0.10309348255395889 139
1751527294788 0.10474861413240433 140
1751527299978 0.10088146477937698 141
1751527304620 0.0989307090640068 142
1751527309517 0.10635597258806229 143
1751527323952 0.10380120575428009 144
1751527329642 0.10008718818426132 145
1751527333597 0.10078080743551254 146
1751527338513 0.10612925887107849 147
1751527359258 0.10031525045633316 148
1751527364151 0.1039685383439064 149
1751527368141 0.10036870092153549 150
1751527374323 0.09412620216608047 151
1751527389048 0.09920240938663483 152
1751527394686 0.09733012318611145 153
1751527400387 0.09729459136724472 154
1751527407090 0.09764169901609421 155
1751527417904 0.10885114967823029 156
1751527423719 0.10096338391304016 157
1751527430095 0.09752381592988968 158
1751527434753 0.10540249943733215 159
1751527451133 0.1031540036201477 160
1751527456364 0.09808550029993057 161
1751527461368 0.10446395725011826 162
1751527467765 0.10324716567993164 163
1751527480447 0.10833019018173218 164
1751527486864 0.10159863531589508 165
1751527491688 0.10447710752487183 166
1751527498038 0.10513340681791306 167
1751527511553 0.10560253262519836 168
1751527517259 0.1008499413728714 169
1751527523559 0.10519005358219147 170
1751527529941 0.11196192353963852 171
1751527547391 0.09727416932582855 172
1751527551772 0.10607053339481354 173
1751527555865 0.09964984655380249 174
1751527562485 0.10197624564170837 175
1751527580596 0.09995143115520477 176
1751527586301 0.1048181876540184 177
1751527590385 0.10633253306150436 178
1751527594216 0.10143383592367172 179
1751527604717 0.10088774561882019 180
1751527608412 0.10258965194225311 181
1751527612090 0.10677988827228546 182
1751527615995 0.1024385467171669 183
1751527629461 0.1034867912530899 184
1751527630818 0.09692340344190598 185
1751527777530 0.09879285097122192 186
1751527783836 0.10616414994001389 187
1751527789824 0.10192231833934784 188
1751527795308 0.1077517718076706 189
1751527806559 0.09742839634418488 190
1751527813018 0.10692217946052551 191
1751527819353 0.1052762120962143 192
1751527826126 0.0968068540096283 193
1751527839141 0.10411316156387329 194
1751527845580 0.10537700355052948 195
1751527851099 0.10317964851856232 196
1751527856444 0.10073160380125046 197
1751527870499 0.10085075348615646 198
1751527878955 0.09622755646705627 199
1751527885153 0.10069964826107025 200
1751527890833 0.10497802495956421 201
1751527900064 0.10179132223129272 202
1751527908363 0.1015714630484581 203
1751527914783 0.10237763822078705 204
1751527921231 0.10205390304327011 205
1751527932404 0.09343750029802322 206
1751527941470 0.10370881855487823 207
1751527947889 0.10240725427865982 208
1751527954125 0.10084806382656097 209
1751527960319 0.09343203902244568 210
1751527976377 0.0963163897395134 211
1751527981388 0.09866262227296829 212
1751527986143 0.10298040509223938 213
1751527992520 0.092207171022892 214
1751528003590 0.0958671122789383 215
1751528010056 0.1037384420633316 216
1751528016453 0.09802120923995972 217
1751528022809 0.09887088090181351 218
1751528036574 0.10181249678134918 219
1751528042257 0.10622310638427734 220
1751528048640 0.09514389932155609 221
1751528053385 0.09497883170843124 222
1751528066879 0.098899245262146 223
1751528073307 0.09909892082214355 224
1751528079696 0.10180559754371643 225
1751528085184 0.1036853939294815 226
1751528099484 0.09485936164855957 227
1751528105946 0.10415083169937134 228
1751528111339 0.10551184415817261 229
1751528117256 0.10245426744222641 230
1751528131348 0.09778187423944473 231
1751528137734 0.10017279535531998 232
1751528144156 0.09489978849887848 233
1751528148940 0.09779421985149384 234
1751528162270 0.10242308676242828 235
1751528166952 0.10142289102077484 236
1751528173324 0.10017462819814682 237
1751528179854 0.09568090736865997 238
1751528191954 0.1041375920176506 239
1751528198725 0.10570759326219559 240
1751528205093 0.09480223059654236 241
1751528211503 0.09967535734176636 242
1751528223533 0.09895525872707367 243
1751528228765 0.09744403511285782 244
1751528232708 0.10156795382499695 245
1751528236338 0.1019657626748085 246
1751528237671 0.10326512902975082 247
1751528387064 0.09967637807130814 248
1751528393385 0.10117195546627045 249
1751528400035 0.10626387596130371 250
1751528406068 0.10327775031328201 251
1751528415595 0.09464356303215027 252
1751528419615 0.10374966263771057 253
1751528423635 0.1001560315489769 254
1751528428365 0.10370468348264694 255
1751528450496 0.0971677228808403 256
1751528456849 0.09835438430309296 257
1751528463425 0.103723905980587 258
1751528469384 0.09544549882411957 259
1751528483206 0.10091276466846466 260
1751528489693 0.09629012644290924 261
1751528496074 0.09775913506746292 262
1751528502424 0.09796400368213654 263
1751528515720 0.09515099227428436 264
1751528522043 0.10013294219970703 265
1751528528448 0.09910598397254944 266
1751528534886 0.09592308104038239 267
1751528551742 0.09820187836885452 268
1751528555934 0.09748829156160355 269
1751528560025 0.10393315553665161 270
1751528564083 0.107911616563797 271
1751528587074 0.10178230702877045 272
1751528592789 0.09819916635751724 273
1751528598942 0.10272956639528275 274
1751528605379 0.10181377828121185 275
1751528620158 0.09710794687271118 276
1751528626428 0.10087814927101135 277
1751528631793 0.09833081066608429 278
1751528635739 0.09848781675100327 279
1751528648305 0.09231290966272354 280
1751528653080 0.09781497716903687 281
1751528659092 0.10250721871852875 282
1751528665357 0.09712370485067368 283
1751528679574 0.09860288351774216 284
1751528686030 0.09899008274078369 285
1751528692395 0.09737441688776016 286
1751528698752 0.10231401771306992 287
1751528713265 0.09955926239490509 288
1751528718482 0.10567701607942581 289
1751528724774 0.10078166425228119 290
1751528729347 0.09755909442901611 291
1751528743890 0.1014709323644638 292
1751528750200 0.1042543277144432 293
1751528756504 0.09758660942316055 294
1751528762996 0.09851357340812683 295
1751528771286 0.09869551658630371 296
1751528776597 0.0995185598731041 297
1751528780876 0.10131224989891052 298
1751528785132 0.09955637156963348 299
1751528802807 0.09975141286849976 300
1751528808591 0.0994957759976387 301
1751528815041 0.1059005856513977 302
1751528820666 0.09897404909133911 303
1751528828040 0.09437255561351776 304
1751528831833 0.09445052593946457 305
1751528835538 0.09879001975059509 306
1751528839490 0.09922968596220016 307
1751528853250 0.09942510724067688 308
1751528854619 0.09046094864606857 309
1751529002174 0.10151220858097076 310
1751529008575 0.09993753582239151 311
1751529013626 0.10026326030492783 312
1751529020023 0.09387601912021637 313
1751529032632 0.10405336320400238 314
1751529039002 0.09757554531097412 315
1751529045731 0.09518252313137054 316
1751529052114 0.10036918520927429 317
1751529062670 0.09568001329898834 318
1751529066614 0.0932629331946373 319
1751529072983 0.10115346312522888 320
1751529079411 0.10787717998027802 321
1751529094322 0.09572185575962067 322
1751529100458 0.1006070002913475 323
1751529106800 0.09806413948535919 324
1751529113195 0.09740473330020905 325
1751529124655 0.10279882699251175 326
1751529131074 0.10163521766662598 327
1751529135052 0.09695043414831161 328
1751529139033 0.09679210186004639 329
1751529151508 0.09990733116865158 330
1751529161626 0.09645365178585052 331
1751529168065 0.10270017385482788 332
1751529173325 0.1006893515586853 333
1751529184026 0.10324450582265854 334
1751529190791 0.10135344415903091 335
1751529197196 0.09580761194229126 336
1751529202820 0.09369288384914398 337
1751529216799 0.09527692198753357 338
1751529220751 0.0972265973687172 339
1751529227808 0.09853753447532654 340
1751529232422 0.10636954009532928 341
1751529248981 0.10150445252656937 342
1751529255435 0.10565676540136337 343
1751529263336 0.1011824682354927 344
1751529270176 0.102574422955513 345
1751529279605 0.09503210335969925 346
1751529286129 0.09920363873243332 347
1751529296132 0.10135296732187271 348
1751529300615 0.09823894500732422 349
1751529313322 0.094733327627182 350
1751529319622 0.10102302581071854 351
1751529326662 0.10291358828544617 352
1751529331972 0.10126375406980515 353
1751529345426 0.09610854834318161 354
1751529349424 0.10090695321559906 355
1751529357255 0.09786281734704971 356
1751529361249 0.09729448705911636 357
1751529378661 0.099745012819767 358
1751529382680 0.10081147402524948 359
1751529386608 0.10110736638307571 360
1751529390565 0.09505867213010788 361
1751529413001 0.1019027978181839 362
1751529419131 0.09509612619876862 363
1751529424798 0.09587006270885468 364
1751529431102 0.10192666202783585 365
1751529440795 0.09798645973205566 366
1751529444876 0.09612429141998291 367
1751529449209 0.0977797582745552 368
1751529453190 0.09575596451759338 369
1751529466524 0.09477585554122925 370
1751529467872 0.09862256795167923 371
1751529615413 0.09787768870592117 372
1751529621802 0.09656204283237457 373
1751529628494 0.09101879596710205 374
1751529634894 0.10444986820220947 375
1751529643094 0.09922732412815094 376
1751529647037 0.0967826321721077 377
1751529651008 0.09904015809297562 378
1751529656806 0.0999096930027008 379
1751529672984 0.1004050076007843 380
1751529680358 0.0956781730055809 381
1751529686847 0.10207487642765045 382
1751529693515 0.10063996911048889 383
1751529702440 0.09541492909193039 384
1751529715962 0.0946497917175293 385
1751529722303 0.09481719136238098 386
1751529726491 0.09010803699493408 387
1751529734335 0.10002078115940094 388
1751529746410 0.09490758925676346 389
1751529752849 0.09823065251111984 390
1751529759153 0.10066506266593933 391
1751529764226 0.09012331068515778 392
1751529781271 0.09489094465970993 393
1751529786453 0.10402899980545044 394
1751529792746 0.0971074104309082 395
1751529799559 0.09553525596857071 396
1751529811194 0.10123709589242935 397
1751529816478 0.09854117035865784 398
1751529822876 0.10503429919481277 399
1751529827966 0.10002116858959198 400
1751529844615 0.1015370562672615 401
1751529851340 0.10226428508758545 402
1751529857645 0.09706463664770126 403
1751529863556 0.09931192547082901 404
1751529875716 0.09837158769369125 405
1751529882140 0.09678300470113754 406
1751529888559 0.1008402481675148 407
1751529896461 0.10374104231595993 408
1751529904097 0.09532345831394196 409
1751529910545 0.104156993329525 410
1751529916949 0.10030882060527802 411
1751529926881 0.10013042390346527 412
1751529939001 0.10258322954177856 413
1751529943177 0.10513316839933395 414
1751529949598 0.10507737100124359 415
1751529955397 0.0967022255063057 416
1751529971089 0.09661389887332916 417
1751529977264 0.09650962054729462 418
1751529983093 0.09183710068464279 419
1751529987758 0.0970611721277237 420
1751530002737 0.09764797240495682 421
1751530009063 0.09979017823934555 422
1751530015617 0.09596949070692062 423
1751530020613 0.10213260352611542 424
1751530031851 0.0970756784081459 425
1751530038355 0.10242598503828049 426
1751530044593 0.09931127727031708 427
1751530049798 0.09902597963809967 428
1751530061260 0.09894172847270966 429
1751530065358 0.09777425229549408 430
1751530069350 0.10287222266197205 431
1751530076185 0.10163246840238571 432
1751530077547 0.09879772365093231 433
1751530224301 0.10803717374801636 434
1751530228277 0.09402377903461456 435
1751530232205 0.09932810068130493 436
1751530236152 0.10176226496696472 437
1751530253613 0.10335395485162735 438
1751530262078 0.09626591950654984 439
1751530268484 0.10513273626565933 440
1751530275114 0.09482642263174057 441
1751530285991 0.09378974139690399 442
1751530292527 0.09674180299043655 443
1751530296506 0.10240638256072998 444
1751530300489 0.1010240837931633 445
1751530312412 0.09385813027620316 446
1751530325306 0.10032117366790771 447
1751530331652 0.10227090865373611 448
1751530338002 0.09631618112325668 449
1751530344669 0.10106641054153442 450
1751530357401 0.10306135565042496 451
1751530363477 0.099674753844738 452
1751530369828 0.1012623980641365 453
1751530375635 0.09516012668609619 454
1751530388511 0.10058878362178802 455
1751530394887 0.09659633040428162 456
1751530401298 0.09860187768936157 457
1751530407826 0.09540634602308273 458
1751530417561 0.094540074467659 459
1751530423208 0.09618241339921951 460
1751530428826 0.09521912783384323 461
1751530435274 0.0963151678442955 462
1751530451864 0.09618436545133591 463
1751530457734 0.09825613349676132 464
1751530461732 0.09282679855823517 465
1751530465802 0.09464707970619202 466
1751530484901 0.09877088665962219 467
1751530491326 0.09755713492631912 468
1751530497589 0.09678607434034348 469
1751530503946 0.10075153410434723 470
1751530520112 0.10376840829849243 471
1751530524306 0.10372217744588852 472
1751530528414 0.10177567601203918 473
1751530534023 0.1079726293683052 474
1751530554107 0.09832295775413513 475
1751530560420 0.10281592607498169 476
1751530566841 0.09176952391862869 477
1751530573515 0.09836283326148987 478
1751530582568 0.10109426081180573 479
1751530586861 0.09851957112550735 480
1751530590864 0.09067279100418091 481
1751530597191 0.09787821769714355 482
1751530618872 0.09939391911029816 483
1751530623344 0.10024924576282501 484
1751530628560 0.09499646723270416 485
1751530634981 0.09769435226917267 486
1751530654979 0.09498218446969986 487
1751530659691 0.10090836882591248 488
1751530663954 0.09909246861934662 489
1751530668398 0.09716391563415527 490
1751530682365 0.1045733317732811 491
1751530686061 0.09602894634008408 492
1751530689702 0.09938961267471313 493
1751530693324 0.10022372007369995 494
1751530694669 0.09774018824100494 495
1751530842464 0.09615869075059891 496
1751530846508 0.09675683826208115 497
1751530850852 0.10168782621622086 498
1751530854836 0.09297853708267212 499
1751530877004 0.09652716666460037 500
1751530882728 0.10274453461170197 501
1751530888702 0.09765732288360596 502
1751530895054 0.09654532372951508 503
1751530906845 0.09857814013957977 504
1751530912799 0.09599985182285309 505
1751530919203 0.09573814272880554 506
1751530925885 0.09406688064336777 507
1751530933989 0.09506304562091827 508
1751530940558 0.09051768481731415 509
1751530946980 0.09903526306152344 510
1751530953022 0.09718473255634308 511
1751530965160 0.10073228180408478 512
1751530969943 0.09392739087343216 513
1751530974314 0.10229231417179108 514
1751530978440 0.10170231759548187 515
1751530997232 0.10237403213977814 516
1751531003923 0.09192249178886414 517
1751531010640 0.09514974802732468 518
1751531014721 0.10378886759281158 519
1751531025138 0.09494999051094055 520
1751531032289 0.09127367287874222 521
1751531039046 0.10038354247808456 522
1751531045364 0.09952232986688614 523
1751531058921 0.10284657776355743 524
1751531066615 0.10301283001899719 525
1751531073006 0.09636275470256805 526
1751531078808 0.09217797964811325 527
1751531091542 0.09551339596509933 528
1751531097964 0.10190383344888687 529
1751531102294 0.10057922452688217 530
1751531108592 0.09480463713407516 531
1751531123304 0.10218361020088196 532
1751531129655 0.09270651638507843 533
1751531136196 0.10333569347858429 534
1751531142590 0.09897257387638092 535
1751531162037 0.09403306990861893 536
1751531168593 0.09965880960226059 537
1751531173795 0.0968702882528305 538
1751531179510 0.09913574159145355 539
1751531192334 0.10506463795900345 540
1751531198650 0.09634700417518616 541
1751531205029 0.10524970293045044 542
1751531211125 0.10455088317394257 543
1751531224000 0.09402088820934296 544
1751531230694 0.10231045633554459 545
1751531236818 0.09522238373756409 546
1751531243200 0.0948595330119133 547
1751531256470 0.10166114568710327 548
1751531262923 0.09568996727466583 549
1751531269317 0.09942071884870529 550
1751531275710 0.10085991770029068 551
1751531283467 0.1014338806271553 552
1751531287188 0.09721019864082336 553
1751531291087 0.09985557943582535 554
1751531294770 0.10815606266260147 555
1751531308295 0.09260381758213043 556
1751531309660 0.10619150102138519 557
1751531456003 0.10277573019266129 558
1751531462421 0.09744679927825928 559
1751531468756 0.10470040142536163 560
1751531475157 0.10480212420225143 561
1751531487964 0.09462028741836548 562
1751531494115 0.09701070189476013 563
1751531500804 0.10361257195472717 564
1751531507162 0.09788678586483002 565
1751531520462 0.10150325298309326 566
1751531526778 0.0961943119764328 567
1751531533232 0.09760119020938873 568
1751531539616 0.0986204445362091 569
1751531546112 0.09654530882835388 570
1751531552509 0.09739404916763306 571
1751531558919 0.09275343269109726 572
1751531565674 0.09550469368696213 573
1751531582308 0.10346420109272003 574
1751531588663 0.09633255004882812 575
1751531595012 0.09955882281064987 576
1751531601436 0.10252555459737778 577
1751531612930 0.10330865532159805 578
1751531617005 0.10222681611776352 579
1751531620932 0.09683351218700409 580
1751531624957 0.09375619143247604 581
1751531647831 0.09347499907016754 582
1751531652905 0.1062617152929306 583
1751531659428 0.09013662487268448 584
1751531665781 0.10068262368440628 585
1751531679350 0.09001486748456955 586
1751531685278 0.0933661013841629 587
1751531691691 0.10173528641462326 588
1751531696760 0.09734516590833664 589
1751531712703 0.0961630642414093 590
1751531719105 0.09844974428415298 591
1751531724814 0.09541703015565872 592
1751531731541 0.09719965606927872 593
1751531738571 0.09406474232673645 594
1751531742660 0.10014145076274872 595
1751531750509 0.0970161035656929 596
1751531757005 0.10279670357704163 597
1751531772762 0.10386175662279129 598
1751531779175 0.09954718500375748 599
1751531783306 0.09855158627033234 600
1751531787520 0.10157418996095657 601
1751531803811 0.09766610711812973 602
1751531810315 0.10043097287416458 603
1751531816708 0.09347719699144363 604
1751531823115 0.09272618591785431 605
1751531832020 0.09493553638458252 606
1751531838455 0.10185787081718445 607
1751531851745 0.0973614901304245 608
1751531858161 0.09553191810846329 609
1751531862360 0.09630195796489716 610
1751531866628 0.09743121266365051 611
1751531885485 0.10275100916624069 612
1751531889453 0.09591677039861679 613
1751531893321 0.09692219644784927 614
1751531897552 0.09030187129974365 615
1751531912044 0.10403022170066833 616
1751531915663 0.09796122461557388 617
1751531919282 0.09341209381818771 618
1751531920618 0.10438643395900726 619
1751532070320 0.09774010628461838 620
1751532076689 0.09668046236038208 621
1751532083327 0.10408193618059158 622
1751532089790 0.09658573567867279 623
1751532097719 0.09604311734437943 624
1751532105999 0.09646165370941162 625
1751532110725 0.09548895061016083 626
1751532114702 0.09831517189741135 627
1751532124971 0.10570579022169113 628
1751532138919 0.09445536136627197 629
1751532143744 0.09596959501504898 630
1751532150367 0.09745018184185028 631
1751532158591 0.09699323773384094 632
1751532168052 0.09656117856502533 633
1751532173180 0.10537660121917725 634
1751532179562 0.09799200296401978 635
1751532191543 0.09824053198099136 636
1751532200530 0.0988590195775032 637
1751532204529 0.09923166781663895 638
1751532209350 0.10229921340942383 639
1751532225684 0.0948130190372467 640
1751532232748 0.09639198333024979 641
1751532239097 0.09021251648664474 642
1751532245458 0.10242542624473572 643
1751532253098 0.09628640115261078 644
1751532268064 0.09490908682346344 645
1751532274294 0.09792673587799072 646
1751532280688 0.09882478415966034 647
1751532287188 0.09499433636665344 648
1751532297574 0.09683289378881454 649
1751532304197 0.1006729006767273 650
1751532310534 0.09309163689613342 651
1751532315270 0.09996837377548218 652
1751532330192 0.09614978730678558 653
1751532335492 0.09531141817569733 654
1751532340600 0.09824744611978531 655
1751532349012 0.09685847908258438 656
1751532361101 0.09849502146244049 657
1751532367460 0.10086959600448608 658
1751532373671 0.09801988303661346 659
1751532382036 0.09785710275173187 660
1751532387529 0.0959024429321289 661
1751532394024 0.09868301451206207 662
1751532399557 0.09758882969617844 663
1751532412483 0.09676528722047806 664
1751532421314 0.10488120466470718 665
1751532426153 0.10378621518611908 666
1751532432666 0.09514909982681274 667
1751532441508 0.09334629774093628 668
1751532452026 0.10125209391117096 669
1751532458650 0.09946964681148529 670
1751532465024 0.09775649756193161 671
1751532472482 0.09537855535745621 672
1751532480002 0.1001937985420227 673
1751532484259 0.10033459961414337 674
1751532488258 0.10158395767211914 675
1751532506430 0.0929689109325409 676
1751532510787 0.09714867919683456 677
1751532514936 0.09767158329486847 678
1751532518792 0.10122404992580414 679
1751532531048 0.09993893653154373 680
1751532532386 0.1048024520277977 681
1751532682912 0.09895020723342896 682
1751532689290 0.10283829271793365 683
1751532695236 0.10073909163475037 684
1751532701584 0.09903226792812347 685
1751532718259 0.09816288203001022 686
1751532724548 0.09357032179832458 687
1751532731003 0.09561490267515182 688
1751532736910 0.10143467783927917 689
1751532751159 0.09554041922092438 690
1751532757598 0.099314384162426 691
1751532762051 0.09594275802373886 692
1751532766078 0.09582599997520447 693
1751532780608 0.09636485576629639 694
1751532786968 0.09594287723302841 695
1751532791951 0.09865086525678635 696
1751532798372 0.09534063190221786 697
1751532811031 0.10035956650972366 698
1751532816711 0.0923428013920784 699
1751532821519 0.09296263754367828 700
1751532827414 0.0990469753742218 701
1751532840639 0.09508796036243439 702
1751532847099 0.09062408655881882 703
1751532855323 0.09531963616609573 704
1751532859281 0.09177019447088242 705
1751532872842 0.10167303681373596 706
1751532879354 0.09480394423007965 707
1751532886860 0.10188329219818115 708
1751532890795 0.1029471606016159 709
1751532909707 0.10217925161123276 710
1751532914841 0.10121702402830124 711
1751532921238 0.10360860079526901 712
1751532927225 0.09582903981208801 713
1751532941012 0.09395493566989899 714
1751532945155 0.09800566732883453 715
1751532951821 0.09464270621538162 716
1751532958086 0.09790454804897308 717
1751532974166 0.09342943876981735 718
1751532979214 0.10403695702552795 719
1751532983898 0.09596844762563705 720
1751532988682 0.10508839786052704 721
1751533006433 0.09681038558483124 722
1751533012724 0.10737428069114685 723
1751533016817 0.09435964375734329 724
1751533021500 0.10100476443767548 725
1751533039555 0.0978938639163971 726
1751533046047 0.08965452015399933 727
1751533050354 0.09711384028196335 728
1751533056721 0.10684597492218018 729
1751533068613 0.09787112474441528 730
1751533074777 0.09243253618478775 731
1751533080806 0.10733646899461746 732
1751533086879 0.09816490858793259 733
1751533099918 0.09950606524944305 734
1751533105711 0.09827306866645813 735
1751533112013 0.09459197521209717 736
1751533118380 0.1028420627117157 737
1751533129337 0.10237392783164978 738
1751533133020 0.09489770233631134 739
1751533136693 0.09967007488012314 740
1751533140378 0.09336255490779877 741
1751533154041 0.08842186629772186 742
1751533155384 0.10378629714250565 743
1751533305640 0.09651659429073334 744
1751533312183 0.09545589983463287 745
1751533318426 0.09678493440151215 746
1751533324737 0.09432684630155563 747
1751533332705 0.09984804689884186 748
1751533336793 0.09234926104545593 749
1751533343084 0.09594772756099701 750
1751533347046 0.09986178576946259 751
1751533364421 0.09761486947536469 752
1751533372892 0.10108800232410431 753
1751533379315 0.09840104728937149 754
1751533386080 0.0986863225698471 755
1751533392567 0.0860724076628685 756
1751533402828 0.0988636314868927 757
1751533409247 0.09387575089931488 758
1751533414469 0.09906436502933502 759
1751533427841 0.09962154924869537 760
1751533434233 0.09912903606891632 761
1751533439371 0.0993209183216095 762
1751533445747 0.10100703686475754 763
1751533460786 0.10122067481279373 764
1751533467228 0.10403843224048615 765
1751533472890 0.10239681601524353 766
1751533479203 0.1011655330657959 767
1751533493243 0.10007239133119583 768
1751533497275 0.09771561622619629 769
1751533501245 0.09315381944179535 770
1751533506321 0.09417713433504105 771
1751533527474 0.09221049398183823 772
1751533533471 0.09372535347938538 773
1751533538775 0.09846927970647812 774
1751533545191 0.09748516976833344 775
1751533559149 0.10274792462587357 776
1751533564320 0.09543826431035995 777
1751533570665 0.10208511352539062 778
1751533577218 0.0962541475892067 779
1751533589537 0.0934758111834526 780
1751533595866 0.09634140133857727 781
1751533602286 0.10107298940420151 782
1751533606868 0.09552010148763657 783
1751533622351 0.09788569808006287 784
1751533627446 0.09039393812417984 785
1751533632791 0.10209367424249649 786
1751533638999 0.09997493773698807 787
1751533659289 0.1004093810915947 788
1751533664950 0.10122594237327576 789
1751533669237 0.0999474823474884 790
1751533675076 0.10346999764442444 791
1751533690668 0.0984664112329483 792
1751533697157 0.09709765017032623 793
1751533703556 0.10415586084127426 794
1751533709380 0.09569302201271057 795
1751533725883 0.09445249289274216 796
1751533732371 0.09341747313737869 797
1751533736676 0.10103907436132431 798
1751533740391 0.10177356004714966 799
1751533755027 0.09546976536512375 800
1751533758717 0.10127341002225876 801
1751533762667 0.10056990385055542 802
1751533766368 0.09863900393247604 803
1751533779658 0.09687025099992752 804
1751533781021 0.08778315782546997 805
1751533930021 0.0983320102095604 806
1751533936335 0.10352633893489838 807
1751533942692 0.0978538915514946 808
1751533949020 0.09833730757236481 809
1751533963115 0.10307399928569794 810
1751533967494 0.09614978730678558 811
1751533972054 0.10609329491853714 812
1751533978406 0.1009085401892662 813
1751533990325 0.09744155406951904 814
1751533997831 0.09664137661457062 815
1751534004187 0.0984564870595932 816
1751534010546 0.09318961203098297 817
1751534017623 0.1001526415348053 818
1751534035537 0.09902196377515793 819
1751534039912 0.09868869185447693 820
1751534044203 0.09736735373735428 821
1751534048933 0.09571139514446259 822
1751534072332 0.09402763098478317 823
1751534077869 0.10244423896074295 824
1751534081867 0.0967632457613945 825
1751534085823 0.0995146855711937 826
1751534099441 0.09696588665246964 827
1751534105912 0.09655771404504776 828
1751534112429 0.10272631794214249 829
1751534118722 0.0970960184931755 830
1751534126392 0.0940287783741951 831
1751534132752 0.09938686341047287 832
1751534139065 0.10308372229337692 833
1751534145380 0.09449422359466553 834
1751534154579 0.09710148721933365 835
1751534159679 0.09216061234474182 836
1751534166017 0.09744584560394287 837
1751534172399 0.1010703444480896 838
1751534184480 0.09833426773548126 839
1751534190210 0.09537620842456818 840
1751534196136 0.09778345376253128 841
1751534200212 0.0942084938287735 842
1751534216413 0.09604166448116302 843
1751534222886 0.09596288949251175 844
1751534229414 0.09512261301279068 845
1751534235719 0.10138525068759918 846
1751534252090 0.09967628866434097 847
1751534258475 0.10792582482099533 848
1751534264832 0.09480031579732895 849
1751534270358 0.09530500322580338 850
1751534277546 0.1024383082985878 851
1751534284063 0.09880094230175018 852
1751534290586 0.10257959365844727 853
1751534296923 0.09333078563213348 854
1751534308030 0.09709402918815613 855
1751534316915 0.09609950333833694 856
1751534321659 0.0972009226679802 857
1751534328056 0.09676654636859894 858
1751534341641 0.09889766573905945 859
1751534350365 0.0991712212562561 860
1751534356872 0.09511392563581467 861
1751534363143 0.0980919897556305 862
1751534371426 0.09620636701583862 863
1751534383336 0.09851080924272537 864
1751534386964 0.09247700124979019 865
1751534390581 0.09862685203552246 866
1751534391918 0.10435213893651962 867
1751534540382 0.09696172177791595 868
1751534546767 0.09867767989635468 869
1751534553411 0.0922287330031395 870
1751534557482 0.09444725513458252 871
1751534567285 0.09765331447124481 872
1751534573702 0.10367384552955627 873
1751534577627 0.09535609930753708 874
1751534581694 0.09931588172912598 875
1751534594717 0.09572266042232513 876
1751534610433 0.09888414293527603 877
1751534616816 0.10391813516616821 878
1751534623229 0.0947084054350853 879
1751534629941 0.09450940787792206 880
1751534640874 0.09657126665115356 881
1751534646126 0.10011623054742813 882
1751534652498 0.09825117886066437 883
1751534657364 0.10055866837501526 884
1751534675599 0.09270483255386353 885
1751534681315 0.09800593554973602 886
1751534686098 0.10134215652942657 887
1751534692302 0.09761513024568558 888
1751534708987 0.1039348691701889 889
1751534715324 0.09451785683631897 890
1751534720342 0.0921122282743454 891
1751534726729 0.09531084448099136 892
1751534741908 0.10540848225355148 893
1751534747098 0.09762129932641983 894
1751534751069 0.09833518415689468 895
1751534757270 0.09813996404409409 896
1751534775271 0.09814237058162689 897
1751534781570 0.10337194055318832 898
1751534787993 0.10411249101161957 899
1751534793911 0.09827708452939987 900
1751534802817 0.10462159663438797 901
1751534808596 0.09361232817173004 902
1751534815179 0.0972956046462059 903
1751534820340 0.09325379133224487 904
1751534832105 0.09300677478313446 905
1751534837641 0.10109289735555649 906
1751534844039 0.09409858286380768 907
1751534848413 0.10045117884874344 908
1751534868373 0.1021743044257164 909
1751534873791 0.09523218870162964 910
1751534880033 0.09461811184883118 911
1751534885300 0.10218580067157745 912
1751534902135 0.09659814834594727 913
1751534908530 0.09659937024116516 914
1751534914737 0.10454434156417847 915
1751534921264 0.09512656182050705 916
1751534931922 0.10119454562664032 917
1751534937739 0.099214568734169 918
1751534942615 0.08848018944263458 919
1751534948960 0.10017246007919312 920
1751534964992 0.10138896107673645 921
1751534971455 0.09433546662330627 922
1751534975582 0.09366065263748169 923
1751534979653 0.09582355618476868 924
1751534991768 0.10070300102233887 925
1751534995485 0.10245106369256973 926
1751534999388 0.09667970985174179 927
1751535003052 0.08896339684724808 928
1751535004402 0.10128162801265717 929
1751535154559 0.1004837229847908 930
1751535160868 0.09395121037960052 931
1751535167335 0.10384176671504974 932
1751535173766 0.09424027055501938 933
1751535183773 0.0995430052280426 934
1751535190157 0.1002119779586792 935
1751535195930 0.10398352146148682 936
1751535202654 0.09694793075323105 937
1751535215830 0.09381765127182007 938
1751535221327 0.10006999224424362 939
1751535225552 0.1058288961648941 940
1751535230047 0.10146976262331009 941
1751535252518 0.09669557958841324 942
1751535258353 0.10314179211854935 943
1751535262565 0.09930605441331863 944
1751535266620 0.10324433445930481 945
1751535290337 0.10543550550937653 946
1751535296614 0.09491180628538132 947
1751535302465 0.088217593729496 948
1751535307244 0.09794114530086517 949
1751535321572 0.09896943718194962 950
1751535327714 0.09740288555622101 951
1751535331906 0.09956938773393631 952
1751535335829 0.08935196697711945 953
1751535354229 0.09511899203062057 954
1751535360522 0.10171279311180115 955
1751535365448 0.10087768733501434 956
1751535370224 0.1003740131855011 957
1751535384066 0.09475330263376236 958
1751535390464 0.09361192584037781 959
1751535396796 0.09864720702171326 960
1751535403175 0.092105433344841 961
1751535412481 0.09953095018863678 962
1751535418115 0.0953037217259407 963
1751535422999 0.0962911993265152 964
1751535427322 0.10048632323741913 965
1751535442689 0.1042202040553093 966
1751535449067 0.09209300577640533 967
1751535455012 0.096668541431427 968
1751535458972 0.10245231539011002 969
1751535473420 0.097540944814682 970
1751535479900 0.0981031283736229 971
1751535484874 0.10094121098518372 972
1751535491120 0.09553813934326172 973
1751535507624 0.10003305226564407 974
1751535514298 0.09417977929115295 975
1751535520222 0.09357202798128128 976
1751535526579 0.09483369439840317 977
1751535540793 0.09866558015346527 978
1751535547206 0.0983768180012703 979
1751535552608 0.09670191258192062 980
1751535556661 0.0980713963508606 981
1751535572609 0.09675470739603043 982
1751535576644 0.09217585623264313 983
1751535582167 0.09348050504922867 984
1751535586929 0.09992203116416931 985
1751535597885 0.0993667021393776 986
1751535603330 0.09880560636520386 987
1751535607115 0.09541265666484833 988
1751535610828 0.09387300908565521 989
1751535622841 0.09490571916103363 990
1751535624181 0.102656289935112 991
1751535775103 0.09651726484298706 992
1751535781160 0.09915769100189209 993
1751535787103 0.09388206899166107 994
1751535791117 0.1030869111418724 995
1751535805763 0.09397414326667786 996
1751535812108 0.0974438339471817 997
1751535817999 0.09783881902694702 998
1751535821981 0.09518973529338837 999
1751535832131 0.0977393090724945 1000
1751535836307 0.10300548374652863 1001
1751535843238 0.10197301208972931 1002
1751535849545 0.09338076412677765 1003
1751535860903 0.09688621014356613 1004
1751535872930 0.09121072292327881 1005
1751535879135 0.09468408674001694 1006
1751535884739 0.0997932106256485 1007
1751535890806 0.09360087662935257 1008
1751535905226 0.09394770115613937 1009
1751535911564 0.09530635923147202 1010
1751535916897 0.09571779519319534 1011
1751535921695 0.1013115644454956 1012
1751535940379 0.09367822855710983 1013
1751535945553 0.10406322032213211 1014
1751535950851 0.0991625040769577 1015
1751535954965 0.10105984658002853 1016
1751535969688 0.10080188512802124 1017
1751535973755 0.10884271562099457 1018
1751535983482 0.09201622754335403 1019
1751535989907 0.09853581339120865 1020
1751535999184 0.09560365229845047 1021
1751536005945 0.10405583679676056 1022
1751536012517 0.09762818366289139 1023
1751536020854 0.08935339748859406 1024
1751536032663 0.09749893844127655 1025
1751536038748 0.1003883108496666 1026
1751536047932 0.09991950541734695 1027
1751536054273 0.09961710125207901 1028
1751536063665 0.09906473755836487 1029
1751536069550 0.09884274750947952 1030
1751536083980 0.09762757271528244 1031
1751536090979 0.0940389633178711 1032
1751536097251 0.09277571737766266 1033
1751536103116 0.10293137282133102 1034
1751536117945 0.09536779671907425 1035
1751536122614 0.09389784932136536 1036
1751536126622 0.09799282997846603 1037
1751536132716 0.09793141484260559 1038
1751536152130 0.09333282709121704 1039
1751536156342 0.0959610566496849 1040
1751536162593 0.10058804601430893 1041
1751536168993 0.09300887584686279 1042
1751536184625 0.09837421774864197 1043
1751536190879 0.09948808699846268 1044
1751536197408 0.10582935065031052 1045
1751536203860 0.10056352615356445 1046
1751536216419 0.09520875662565231 1047
1751536220411 0.09844785928726196 1048
1751536224319 0.09553608298301697 1049
1751536228300 0.10053914040327072 1050
1751536242455 0.09905996173620224 1051
1751536246113 0.097643181681633 1052
1751536247456 0.09312800318002701 1053
1751536397940 0.09851059317588806 1054
1751536402001 0.10026498883962631 1055
1751536406440 0.09169970452785492 1056
1751536410494 0.10039927065372467 1057
1751536432914 0.10050502419471741 1058
1751536439308 0.09757204353809357 1059
1751536445772 0.10113734751939774 1060
1751536452476 0.09308265894651413 1061
1751536463352 0.09877452999353409 1062
1751536469776 0.09875383973121643 1063
1751536476287 0.09480230510234833 1064
1751536482790 0.09673850983381271 1065
1751536494900 0.10004512965679169 1066
1751536501629 0.10027538239955902 1067
1751536508091 0.10051079094409943 1068
1751536513809 0.09558386355638504 1069
1751536526224 0.1003403514623642 1070
1751536535939 0.09439782798290253 1071
1751536541937 0.10044611245393753 1072
1751536547042 0.10110736638307571 1073
1751536562048 0.09593389183282852 1074
1751536568583 0.09991511702537537 1075
1751536574996 0.08962895721197128 1076
1751536581274 0.09211790561676025 1077
1751536591911 0.10010554641485214 1078
1751536597709 0.09530246257781982 1079
1751536603409 0.09838393330574036 1080
1751536608211 0.10090382397174835 1081
1751536622781 0.09202414751052856 1082
1751536629401 0.09990791976451874 1083
1751536634126 0.09480015933513641 1084
1751536640535 0.09693799167871475 1085
1751536654732 0.09873275458812714 1086
1751536661241 0.09879446774721146 1087
1751536666015 0.09645576775074005 1088
1751536672091 0.09618982672691345 1089
1751536687334 0.0947735607624054 1090
1751536693762 0.1000429093837738 1091
1751536700189 0.1021273136138916 1092
1751536706711 0.10558050870895386 1093
1751536717040 0.10192776471376419 1094
1751536723753 0.09011919796466827 1095
1751536728704 0.0952901691198349 1096
1751536734534 0.09386992454528809 1097
1751536754016 0.09586663544178009 1098
1751536760576 0.11103206872940063 1099
1751536767154 0.1008504331111908 1100
1751536771555 0.09698474407196045 1101
1751536788894 0.10263801366090775 1102
1751536795284 0.09684411436319351 1103
1751536800573 0.09614574164152145 1104
1751536805426 0.10440133512020111 1105
1751536820904 0.10034583508968353 1106
1751536826244 0.09925606101751328 1107
1751536830661 0.09113673120737076 1108
1751536834750 0.09721092134714127 1109
1751536848498 0.09419462084770203 1110
1751536852300 0.09369014948606491 1111
1751536856028 0.0943400040268898 1112
1751536859726 0.09450891613960266 1113
1751536873251 0.09894595295190811 1114
1751536874616 0.08414857089519501 1115
1751537023706 0.10471611469984055 1116
1751537030088 0.09538949280977249 1117
1751537036500 0.09373274445533752 1118
1751537043195 0.09696073830127716 1119
1751537060237 0.09735327959060669 1120
1751537066542 0.09935498237609863 1121
1751537073033 0.09933919459581375 1122
1751537079465 0.09940535575151443 1123
1751537090991 0.0941544696688652 1124
1751537097398 0.10237032175064087 1125
1751537103731 0.10038428753614426 1126
1751537110097 0.10104335099458694 1127
1751537122789 0.10002878308296204 1128
1751537129107 0.09359094500541687 1129
1751537135194 0.10470732301473618 1130
1751537139302 0.09929290413856506 1131
1751537150857 0.09350937604904175 1132
1751537157258 0.09926968067884445 1133
1751537163731 0.09140545129776001 1134
1751537170093 0.09773632884025574 1135
1751537179748 0.10118833929300308 1136
1751537186602 0.09852597117424011 1137
1751537193035 0.09965336322784424 1138
1751537199350 0.10064326226711273 1139
1751537211334 0.09578004479408264 1140
1751537215421 0.0988697037100792 1141
1751537221921 0.09222624450922012 1142
1751537228347 0.09753522276878357 1143
1751537244853 0.09649375081062317 1144
1751537251298 0.09375538676977158 1145
1751537257671 0.09571016579866409 1146
1751537263392 0.09674133360385895 1147
1751537276122 0.09652791172266006 1148
1751537281689 0.10116976499557495 1149
1751537288164 0.09049666672945023 1150
1751537294521 0.10414368659257889 1151
1751537309247 0.09655226767063141 1152
1751537313892 0.09842697530984879 1153
1751537320048 0.09673801064491272 1154
1751537326213 0.09493148326873779 1155
1751537342728 0.10501324385404587 1156
1751537347436 0.08916284888982773 1157
1751537353766 0.09690646082162857 1158
1751537360223 0.09164459258317947 1159
1751537374197 0.09156559407711029 1160
1751537380569 0.09724491834640503 1161
1751537386932 0.10039996355772018 1162
1751537393263 0.09977547079324722 1163
1751537402879 0.09726984053850174 1164
1751537409577 0.094525046646595 1165
1751537415423 0.09728357940912247 1166
1751537419683 0.09170609712600708 1167
1751537434437 0.09471249580383301 1168
1751537444234 0.09898906946182251 1169
1751537449532 0.09424252063035965 1170
1751537453557 0.09942754358053207 1171
1751537459329 0.09763205051422119 1172
1751537468734 0.10700874775648117 1173
1751537472529 0.10070067644119263 1174
1751537476497 0.10206089913845062 1175
1751537484650 0.10078329592943192 1176
1751537486012 0.09828072786331177 1177
1751537633628 0.10387778282165527 1178
1751537637786 0.1046956405043602 1179
1751537641798 0.09937004745006561 1180
1751537645865 0.09864021837711334 1181
1751537661062 0.09228946268558502 1182
1751537668439 0.10061940550804138 1183
1751537674080 0.09642904251813889 1184
1751537678615 0.09625661373138428 1185
1751537695578 0.08909772336483002 1186
1751537701717 0.0946483314037323 1187
1751537705687 0.10003452748060226 1188
1751537709647 0.10139252990484238 1189
1751537726646 0.09713554382324219 1190
1751537734457 0.09797025471925735 1191
1751537740780 0.09718754887580872 1192
1751537747113 0.09761088341474533 1193
1751537759511 0.09738181531429291 1194
1751537768899 0.09768132120370865 1195
1751537775405 0.10196057707071304 1196
1751537781817 0.09286367148160934 1197
1751537788407 0.09465464949607849 1198
1751537803410 0.10170595347881317 1199
1751537807329 0.0879569724202156 1200
1751537811384 0.09517738968133926 1201
1751537820046 0.09443500638008118 1202
1751537838005 0.09846507012844086 1203
1751537843074 0.09836329519748688 1204
1751537847050 0.10522127151489258 1205
1751537851052 0.09111403673887253 1206
1751537867980 0.098816879093647 1207
1751537873583 0.09997290372848511 1208
1751537877554 0.10384316742420197 1209
1751537885851 0.10309508442878723 1210
1751537896315 0.09910842776298523 1211
1751537902837 0.09783808887004852 1212
1751537909496 0.09449595212936401 1213
1751537914258 0.10196998715400696 1214
1751537927722 0.09726929664611816 1215
1751537932790 0.09335794299840927 1216
1751537938579 0.10375957190990448 1217
1751537950275 0.09728200733661652 1218
1751537958260 0.09261644631624222 1219
1751537963125 0.10149475932121277 1220
1751537969455 0.0939430519938469 1221
1751537984221 0.09112431108951569 1222
1751537989595 0.09729572385549545 1223
1751537995954 0.10094529390335083 1224
1751538002452 0.10146063566207886 1225
1751538020055 0.09421337395906448 1226
1751538026485 0.09826140850782394 1227
1751538031699 0.1029466912150383 1228
1751538037041 0.0938636064529419 1229
1751538052191 0.0973510667681694 1230
1751538058457 0.09592805057764053 1231
1751538063487 0.09859241545200348 1232
1751538067566 0.10183501243591309 1233
1751538077665 0.09663986414670944 1234
1751538082961 0.0956876277923584 1235
1751538086797 0.0931842252612114 1236
1751538090562 0.0934864804148674 1237
1751538102823 0.09671608358621597 1238
1751538104193 0.10034765303134918 1239
