1751360177875 0.0 0
1751360184208 0.0 1
1751360190553 0.0 2
1751360196876 0.0 3
1751360214074 0.0 4
1751360218049 0.0 5
1751360221965 0.0 6
1751360225902 0.0 7
1751360250885 0.0 8
1751360257172 0.0 9
1751360263937 0.0 10
1751360270145 0.0 11
1751360277210 0.0 12
1751360283487 0.0 13
1751360289723 0.0 14
1751360296003 0.0 15
1751360303266 0.0 16
1751360309430 0.0 17
1751360315671 0.0 18
1751360321917 0.0 19
1751360335510 0.0 20
1751360341818 0.0 21
1751360348129 0.0 22
1751360354856 0.0 23
1751360361626 0.0 24
1751360369289 0.0 25
1751360373976 0.0 26
1751360380224 0.0 27
1751360391315 0.0 28
1751360403186 0.0 29
1751360409512 0.0 30
1751360415841 0.0 31
1751360422151 0.0 32
1751360431972 0.0 33
1751360438316 0.0 34
1751360444622 0.0 35
1751360450881 0.0 36
1751360461773 0.0 37
1751360468155 0.0 38
1751360474444 0.0 39
1751360480781 0.0 40
1751360487710 0.0 41
1751360499655 0.0 42
1751360505877 0.0 43
1751360512234 0.0 44
1751360518614 0.0 45
1751360528869 0.0 46
1751360535183 0.0 47
1751360541586 0.0 48
1751360554657 0.0 49
1751360561391 0.0 50
1751360567815 0.0 51
1751360571991 0.0 52
1751360583883 0.0 53
1751360588840 0.0 54
1751360595263 0.0 55
1751360599298 0.0 56
1751360614984 0.0 57
1751360621373 0.0 58
1751360627752 0.0 59
1751360633067 0.0 60
1751360643389 0.0 61
1751360660241 0.0 62
1751360666897 0.0 63
1751360673227 0.0 64
1751360679582 0.0 65
1751360692600 0.0 66
1751360697361 0.0 67
1751360703806 0.0 68
1751360710190 0.0 69
1751360723100 0.0 70
1751360729535 0.0 71
1751360735876 0.0 72
1751360742220 0.0 73
1751360751939 0.0 74
1751360756718 0.0 75
1751360763113 0.0 76
1751360769807 0.0 77
1751360779074 0.0 78
1751360785439 0.0 79
1751360791853 0.0 80
1751360798287 0.0 81
1751360809112 0.0 82
1751360815486 0.0 83
1751360821845 0.0 84
1751360828489 0.0 85
1751360841193 0.0 86
1751360847256 0.0 87
1751360851268 0.0 88
1751360855228 0.0 89
1751360867944 0.0 90
1751360874242 0.0 91
1751360880518 0.0 92
1751360890694 0.0 93
1751360898008 0.0 94
1751360904407 0.0 95
1751360910810 0.0 96
1751360920417 0.0 97
1751360931529 0.0 98
1751360937864 0.0 99
1751360944274 0.0 100
1751360950705 0.0 101
1751360964233 0.0 102
1751360971041 0.0 103
1751360977518 0.0 104
1751360982343 0.0 105
1751360993199 0.0 106
1751360999551 0.0 107
1751361006021 0.0 108
1751361012412 0.0 109
1751361019916 0.0 110
1751361026336 0.0 111
1751361032681 0.0 112
1751361042866 0.0 113
1751361052266 0.0 114
1751361058660 0.0 115
1751361065081 0.0 116
1751361073307 0.0 117
1751361083448 0.0 118
1751361089911 0.0 119
1751361096326 0.0 120
1751361104266 0.0 121
1751361110653 0.0 122
1751361117039 0.0 123
1751361123862 0.0 124
1751361132813 0.0 125
1751361143202 0.0 126
1751361149679 0.0 127
1751361155789 0.0 128
1751361160532 0.0 129
1751361177235 0.0 130
1751361181251 0.0 131
1751361185297 0.0 132
1751361191745 0.0 133
1751361210208 0.0 134
1751361216581 0.0 135
1751361222204 0.0 136
1751361226284 0.0 137
1751361240962 0.0 138
1751361247424 0.0 139
1751361253838 0.0 140
1751361260215 0.0 141
1751361270630 0.0 142
1751361277390 0.0 143
1751361283820 0.0 144
1751361290123 0.0 145
1751361303836 0.0 146
1751361310267 0.0 147
1751361316716 0.0 148
1751361322404 0.0 149
1751361340809 0.0 150
1751361347075 0.0 151
1751361351143 0.0 152
1751361357447 0.0 153
1751361365936 0.0 154
1751361370556 0.0 155
1751361375315 0.0 156
1751361381693 0.0 157
1751361396400 0.0 158
1751361400470 0.0 159
1751361404313 0.0 160
1751361408233 0.0 161
1751361421287 0.0 162
1751361424970 0.0 163
1751361428334 0.0 164
1751361725407 0.0 164
1751361757733 1.0 165
1751361764076 1.0 166
1751361770366 1.0 167
1751361776686 1.0 168
1751361786601 1.0 169
1751361790983 1.0 170
1751361794976 1.0 171
1751361799030 1.0 172
1751361815293 1.0 173
1751361825361 1.0 174
1751361831737 1.0 175
1751361837967 1.0 176
1751361844415 1.0 177
1751361857399 1.0 178
1751361863822 1.0 179
1751361869326 1.0 180
1751361875495 1.0 181
1751361889795 1.0 182
1751361896534 1.0 183
1751361902852 1.0 184
1751361909246 1.0 185
1751361921620 1.0 186
1751361927946 1.0 187
1751361934284 1.0 188
1751361940497 1.0 189
1751361948194 1.0 190
1751361954621 1.0 191
1751361961009 1.0 192
1751361967318 1.0 193
1751361983056 1.0 194
1751361989512 1.0 195
1751361996263 1.0 196
1751362002702 1.0 197
1751362015416 1.0 198
1751362021788 1.0 199
1751362028153 1.0 200
1751362034527 1.0 201
1751362047045 1.0 202
1751362053420 1.0 203
1751362059879 1.0 204
1751362065768 1.0 205
1751362074592 1.0 206
1751362080988 1.0 207
1751362087381 1.0 208
1751362093830 1.0 209
1751362105611 1.0 210
1751362109929 1.0 211
1751362113990 1.0 212
1751362118121 1.0 213
1751362134955 1.0 214
1751362141290 1.0 215
1751362147645 1.0 216
1751362153586 1.0 217
1751362165514 1.0 218
1751362172008 1.0 219
1751362178544 1.0 220
1751362184986 1.0 221
1751362196588 1.0 222
1751362203318 1.0 223
1751362209624 1.0 224
1751362215915 1.0 225
1751362227963 1.0 226
1751362234418 1.0 227
1751362240778 1.0 228
1751362247168 1.0 229
1751362262720 1.0 230
1751362269096 1.0 231
1751362273207 1.0 232
1751362279601 1.0 233
1751362294530 1.0 234
1751362300339 1.0 235
1751362306136 1.0 236
1751362310505 1.0 237
1751362325239 1.0 238
1751362331223 1.0 239
1751362335629 1.0 240
1751362342077 1.0 241
1751362353937 1.0 242
1751362360400 1.0 243
1751362366219 1.0 244
1751362371320 1.0 245
1751362384701 1.0 246
1751362391094 1.0 247
1751362397528 1.0 248
1751362403889 1.0 249
1751362416817 1.0 250
1751362423149 1.0 251
1751362428161 1.0 252
1751362432269 1.0 253
1751362447208 1.0 254
1751362453631 1.0 255
1751362460125 1.0 256
1751362466506 1.0 257
1751362474119 1.0 258
1751362480529 1.0 259
1751362486971 1.0 260
1751362493427 1.0 261
1751362505457 1.0 262
1751362512203 1.0 263
1751362518605 1.0 264
1751362524866 1.0 265
1751362541589 1.0 266
1751362547974 1.0 267
1751362552218 1.0 268
1751362556282 1.0 269
1751362570049 1.0 270
1751362574129 1.0 271
1751362578210 1.0 272
1751362582293 1.0 273
1751362596819 1.0 274
1751362603194 1.0 275
1751362609675 1.0 276
1751362616494 1.0 277
1751362629768 1.0 278
1751362636028 1.0 279
1751362642321 1.0 280
1751362648740 1.0 281
1751362665951 1.0 282
1751362672238 1.0 283
1751362678578 1.0 284
1751362684376 1.0 285
1751362697471 1.0 286
1751362702885 1.0 287
1751362708714 1.0 288
1751362715069 1.0 289
1751362724682 1.0 290
1751362731068 1.0 291
1751362737508 1.0 292
1751362743801 1.0 293
1751362755081 1.0 294
1751362761448 1.0 295
1751362767829 1.0 296
1751362774284 1.0 297
1751362787061 1.0 298
1751362793314 1.0 299
1751362799728 1.0 300
1751362806180 1.0 301
1751362816831 1.0 302
1751362822332 1.0 303
1751362829196 1.0 304
1751362835570 1.0 305
1751362849122 1.0 306
1751362855550 1.0 307
1751362861933 1.0 308
1751362868409 1.0 309
1751362876189 1.0 310
1751362881121 1.0 311
1751362887380 1.0 312
1751362891454 1.0 313
1751362910103 1.0 314
1751362915145 1.0 315
1751362919223 1.0 316
1751362923641 1.0 317
1751362941318 1.0 318
1751362947560 1.0 319
1751362954012 1.0 320
1751362958952 1.0 321
1751362971062 1.0 322
1751362975616 1.0 323
1751362979839 1.0 324
1751362983981 1.0 325
1751362994656 1.0 326
1751362998361 1.0 327
1751363002082 1.0 328
1751363005430 1.0 329
1751363289260 1.0 329
1751363322209 2.0 330
1751363326526 2.0 331
1751363332940 2.0 332
1751363338628 2.0 333
1751363350548 2.0 334
1751363356834 2.0 335
1751363363370 2.0 336
1751363369716 2.0 337
1751363383971 2.0 338
1751363388070 2.0 339
1751363392193 2.0 340
1751363396285 2.0 341
1751363418970 2.0 342
1751363425184 2.0 343
1751363432014 2.0 344
1751363438332 2.0 345
1751363449889 2.0 346
1751363456392 2.0 347
1751363462799 2.0 348
1751363469221 2.0 349
1751363480834 2.0 350
1751363487213 2.0 351
1751363493619 2.0 352
1751363500060 2.0 353
1751363513535 2.0 354
1751363519831 2.0 355
1751363526275 2.0 356
1751363532264 2.0 357
1751363541216 2.0 358
1751363547572 2.0 359
1751363554106 2.0 360
1751363560439 2.0 361
1751363573108 2.0 362
1751363579140 2.0 363
1751363583283 2.0 364
1751363587347 2.0 365
1751363605599 2.0 366
1751363611846 2.0 367
1751363618183 2.0 368
1751363624370 2.0 369
1751363635322 2.0 370
1751363641810 2.0 371
1751363647603 2.0 372
1751363654048 2.0 373
1751363672455 2.0 374
1751363677843 2.0 375
1751363682239 2.0 376
1751363686401 2.0 377
1751363702206 2.0 378
1751363707876 2.0 379
1751363711886 2.0 380
1751363715865 2.0 381
1751363732955 2.0 382
1751363736993 2.0 383
1751363741342 2.0 384
1751363745335 2.0 385
1751363766742 2.0 386
1751363770954 2.0 387
1751363775069 2.0 388
1751363779138 2.0 389
1751363794393 2.0 390
1751363800751 2.0 391
1751363806028 2.0 392
1751363810181 2.0 393
1751363822424 2.0 394
1751363828846 2.0 395
1751363834981 2.0 396
1751363839553 2.0 397
1751363855275 2.0 398
1751363859792 2.0 399
1751363864972 2.0 400
1751363871378 2.0 401
1751363886888 2.0 402
1751363890990 2.0 403
1751363895096 2.0 404
1751363901408 2.0 405
1751363919357 2.0 406
1751363924935 2.0 407
1751363928960 2.0 408
1751363935342 2.0 409
1751363944774 2.0 410
1751363951253 2.0 411
1751363957691 2.0 412
1751363964070 2.0 413
1751363975480 2.0 414
1751363981855 2.0 415
1751363988286 2.0 416
1751363993456 2.0 417
1751364007221 2.0 418
1751364013528 2.0 419
1751364019986 2.0 420
1751364026366 2.0 421
1751364040750 2.0 422
1751364045753 2.0 423
1751364050147 2.0 424
1751364054240 2.0 425
1751364069416 2.0 426
1751364075119 2.0 427
1751364081520 2.0 428
1751364087968 2.0 429
1751364100674 2.0 430
1751364105553 2.0 431
1751364109909 2.0 432
1751364116301 2.0 433
1751364132253 2.0 434
1751364138712 2.0 435
1751364145123 2.0 436
1751364151742 2.0 437
1751364162412 2.0 438
1751364168586 2.0 439
1751364173331 2.0 440
1751364179770 2.0 441
1751364193153 2.0 442
1751364197207 2.0 443
1751364203499 2.0 444
1751364209964 2.0 445
1751364225163 2.0 446
1751364231583 2.0 447
1751364237167 2.0 448
1751364241118 2.0 449
1751364257694 2.0 450
1751364261753 2.0 451
1751364266673 2.0 452
1751364273038 2.0 453
1751364289969 2.0 454
1751364296031 2.0 455
1751364300156 2.0 456
1751364306659 2.0 457
1751364318176 2.0 458
1751364324458 2.0 459
1751364330928 2.0 460
1751364337316 2.0 461
1751364347606 2.0 462
1751364353968 2.0 463
1751364360792 2.0 464
1751364367263 2.0 465
1751364374065 2.0 466
1751364380536 2.0 467
1751364386932 2.0 468
1751364393346 2.0 469
1751364403529 2.0 470
1751364409903 2.0 471
1751364416346 2.0 472
1751364422683 2.0 473
1751364430594 2.0 474
1751364436997 2.0 475
1751364443309 2.0 476
1751364450174 2.0 477
1751364462057 2.0 478
1751364468519 2.0 479
1751364474153 2.0 480
1751364480617 2.0 481
1751364492017 2.0 482
1751364498111 2.0 483
1751364502220 2.0 484
1751364506293 2.0 485
1751364521727 2.0 486
1751364526387 2.0 487
1751364532325 2.0 488
1751364538434 2.0 489
1751364554597 2.0 490
1751364558340 2.0 491
1751364562073 2.0 492
1751364565863 2.0 493
1751364576144 2.0 494
1751364866917 2.0 494
1751364899086 3.0 495
1751364905364 3.0 496
1751364911638 3.0 497
1751364918021 3.0 498
1751364935934 3.0 499
1751364942319 3.0 500
1751364947864 3.0 501
1751364951874 3.0 502
1751364967767 3.0 503
1751364974570 3.0 504
1751364979431 3.0 505
1751364983601 3.0 506
1751364994158 3.0 507
1751365000513 3.0 508
1751365006889 3.0 509
1751365013334 3.0 510
1751365020848 3.0 511
1751365027295 3.0 512
1751365033690 3.0 513
1751365040047 3.0 514
1751365054775 3.0 515
1751365061155 3.0 516
1751365067401 3.0 517
1751365071520 3.0 518
1751365084582 3.0 519
1751365090942 3.0 520
1751365096493 3.0 521
1751365100482 3.0 522
1751365113052 3.0 523
1751365119492 3.0 524
1751365125917 3.0 525
1751365132152 3.0 526
1751365139502 3.0 527
1751365145892 3.0 528
1751365155515 3.0 529
1751365162292 3.0 530
1751365166331 3.0 531
1751365179624 3.0 532
1751365186443 3.0 533
1751365192866 3.0 534
1751365199189 3.0 535
1751365210528 3.0 536
1751365221839 3.0 537
1751365228089 3.0 538
1751365234312 3.0 539
1751365238256 3.0 540
1751365253804 3.0 541
1751365260199 3.0 542
1751365266698 3.0 543
1751365273525 3.0 544
1751365282235 3.0 545
1751365288627 3.0 546
1751365295027 3.0 547
1751365305695 3.0 548
1751365312927 3.0 549
1751365318315 3.0 550
1751365324699 3.0 551
1751365332536 3.0 552
1751365341226 3.0 553
1751365347527 3.0 554
1751365353915 3.0 555
1751365360574 3.0 556
1751365371632 3.0 557
1751365377960 3.0 558
1751365382811 3.0 559
1751365394747 3.0 560
1751365401376 3.0 561
1751365407841 3.0 562
1751365414303 3.0 563
1751365426207 3.0 564
1751365431067 3.0 565
1751365437526 3.0 566
1751365443987 3.0 567
1751365457437 3.0 568
1751365466959 3.0 569
1751365473730 3.0 570
1751365480208 3.0 571
1751365488124 3.0 572
1751365500569 3.0 573
1751365504687 3.0 574
1751365511146 3.0 575
1751365517508 3.0 576
1751365530746 3.0 577
1751365537164 3.0 578
1751365543573 3.0 579
1751365549457 3.0 580
1751365564614 3.0 581
1751365570984 3.0 582
1751365577280 3.0 583
1751365583821 3.0 584
1751365594720 3.0 585
1751365598815 3.0 586
1751365602824 3.0 587
1751365606957 3.0 588
1751365628056 3.0 589
1751365632091 3.0 590
1751365636134 3.0 591
1751365640258 3.0 592
1751365658002 3.0 593
1751365664462 3.0 594
1751365670890 3.0 595
1751365677196 3.0 596
1751365688984 3.0 597
1751365695492 3.0 598
1751365701880 3.0 599
1751365708423 3.0 600
1751365715808 3.0 601
1751365720979 3.0 602
1751365727290 3.0 603
1751365733694 3.0 604
1751365742821 3.0 605
1751365749245 3.0 606
1751365755745 3.0 607
1751365761606 3.0 608
1751365773396 3.0 609
1751365780254 3.0 610
1751365785877 3.0 611
1751365790038 3.0 612
1751365805314 3.0 613
1751365811704 3.0 614
1751365816658 3.0 615
1751365822991 3.0 616
1751365836723 3.0 617
1751365843113 3.0 618
1751365849452 3.0 619
1751365854609 3.0 620
1751365867489 3.0 621
1751365873798 3.0 622
1751365880604 3.0 623
1751365887162 3.0 624
1751365899829 3.0 625
1751365906225 3.0 626
1751365912649 3.0 627
1751365919075 3.0 628
1751365930604 3.0 629
1751365934840 3.0 630
1751365938874 3.0 631
1751365942937 3.0 632
1751365962759 3.0 633
1751365969095 3.0 634
1751365974559 3.0 635
1751365980278 3.0 636
1751365990132 3.0 637
1751365994120 3.0 638
1751366002560 3.0 639
1751366009038 3.0 640
1751366023500 3.0 641
1751366029952 3.0 642
1751366034393 3.0 643
1751366038539 3.0 644
1751366053094 3.0 645
1751366059490 3.0 646
1751366066261 3.0 647
1751366072658 3.0 648
1751366084232 3.0 649
1751366090740 3.0 650
1751366095134 3.0 651
1751366099291 3.0 652
1751366114334 3.0 653
1751366118400 3.0 654
1751366122504 3.0 655
1751366126564 3.0 656
1751366139811 3.0 657
1751366143546 3.0 658
1751366146920 3.0 659
1751366435270 3.0 659
1751366468174 4.0 660
1751366474489 4.0 661
1751366480906 4.0 662
1751366487153 4.0 663
1751366498483 4.0 664
1751366504747 4.0 665
1751366511149 4.0 666
1751366517512 4.0 667
1751366525723 4.0 668
1751366532139 4.0 669
1751366538502 4.0 670
1751366544836 4.0 671
1751366552708 4.0 672
1751366564888 4.0 673
1751366571377 4.0 674
1751366577751 4.0 675
1751366584258 4.0 676
1751366598593 4.0 677
1751366605028 4.0 678
1751366611497 4.0 679
1751366617870 4.0 680
1751366629704 4.0 681
1751366636071 4.0 682
1751366642466 4.0 683
1751366648841 4.0 684
1751366663761 4.0 685
1751366669360 4.0 686
1751366673410 4.0 687
1751366678159 4.0 688
1751366695915 4.0 689
1751366701605 4.0 690
1751366705643 4.0 691
1751366709678 4.0 692
1751366724090 4.0 693
1751366730479 4.0 694
1751366736959 4.0 695
1751366743407 4.0 696
1751366753781 4.0 697
1751366760125 4.0 698
1751366766530 4.0 699
1751366772870 4.0 700
1751366781924 4.0 701
1751366788398 4.0 702
1751366794873 4.0 703
1751366799218 4.0 704
1751366812383 4.0 705
1751366816361 4.0 706
1751366820360 4.0 707
1751366826390 4.0 708
1751366839139 4.0 709
1751366850192 4.0 710
1751366856584 4.0 711
1751366861624 4.0 712
1751366868893 4.0 713
1751366882470 4.0 714
1751366888929 4.0 715
1751366895239 4.0 716
1751366902132 4.0 717
1751366916540 4.0 718
1751366922911 4.0 719
1751366929371 4.0 720
1751366934771 4.0 721
1751366949031 4.0 722
1751366955486 4.0 723
1751366961698 4.0 724
1751366965694 4.0 725
1751366976227 4.0 726
1751366982596 4.0 727
1751366988444 4.0 728
1751366994946 4.0 729
1751367013778 4.0 730
1751367017871 4.0 731
1751367021900 4.0 732
1751367025892 4.0 733
1751367041402 4.0 734
1751367047814 4.0 735
1751367054126 4.0 736
1751367060379 4.0 737
1751367069033 4.0 738
1751367075220 4.0 739
1751367081605 4.0 740
1751367085758 4.0 741
1751367101798 4.0 742
1751367105887 4.0 743
1751367110373 4.0 744
1751367116656 4.0 745
1751367136260 4.0 746
1751367140874 4.0 747
1751367146048 4.0 748
1751367152297 4.0 749
1751367168308 4.0 750
1751367174039 4.0 751
1751367178035 4.0 752
1751367184473 4.0 753
1751367196923 4.0 754
1751367202463 4.0 755
1751367208873 4.0 756
1751367215750 4.0 757
1751367226782 4.0 758
1751367232859 4.0 759
1751367239322 4.0 760
1751367245699 4.0 761
1751367253435 4.0 762
1751367259804 4.0 763
1751367266275 4.0 764
1751367272978 4.0 765
1751367285500 4.0 766
1751367289544 4.0 767
1751367295915 4.0 768
1751367306075 4.0 769
1751367318333 4.0 770
1751367324462 4.0 771
1751367328466 4.0 772
1751367337303 4.0 773
1751367348576 4.0 774
1751367354999 4.0 775
1751367361423 4.0 776
1751367368355 4.0 777
1751367378500 4.0 778
1751367384943 4.0 779
1751367391442 4.0 780
1751367397804 4.0 781
1751367407696 4.0 782
1751367414043 4.0 783
1751367420846 4.0 784
1751367424785 4.0 785
1751367435928 4.0 786
1751367442290 4.0 787
1751367448759 4.0 788
1751367459348 4.0 789
1751367467001 4.0 790
1751367473442 4.0 791
1751367479853 4.0 792
1751367489076 4.0 793
1751367498082 4.0 794
1751367503908 4.0 795
1751367508537 4.0 796
1751367519275 4.0 797
1751367527711 4.0 798
1751367534181 4.0 799
1751367540642 4.0 800
1751367548264 4.0 801
1751367555320 4.0 802
1751367561061 4.0 803
1751367573535 4.0 804
1751367577783 4.0 805
1751367585242 4.0 806
1751367590772 4.0 807
1751367603564 4.0 808
1751367613343 4.0 809
1751367619653 4.0 810
1751367626478 4.0 811
1751367636199 4.0 812
1751367642849 4.0 813
1751367649812 4.0 814
1751367653807 4.0 815
1751367664449 4.0 816
1751367676127 4.0 817
1751367680279 4.0 818
1751367684356 4.0 819
1751367693014 4.0 820
1751367706288 4.0 821
1751367710039 4.0 822
1751367713800 4.0 823
1751367717433 4.0 824
1751368006813 4.0 824
1751368039208 5.0 825
1751368045589 5.0 826
1751368051906 5.0 827
1751368058233 5.0 828
1751368066083 5.0 829
1751368070086 5.0 830
1751368074122 5.0 831
1751368078122 5.0 832
1751368092838 5.0 833
1751368101466 5.0 834
1751368107787 5.0 835
1751368114257 5.0 836
1751368124050 5.0 837
1751368135936 5.0 838
1751368142295 5.0 839
1751368148753 5.0 840
1751368153850 5.0 841
1751368169526 5.0 842
1751368175976 5.0 843
1751368182334 5.0 844
1751368188011 5.0 845
1751368205356 5.0 846
1751368210462 5.0 847
1751368216784 5.0 848
1751368223234 5.0 849
1751368236688 5.0 850
1751368242647 5.0 851
1751368249179 5.0 852
1751368255443 5.0 853
1751368264917 5.0 854
1751368269066 5.0 855
1751368273142 5.0 856
1751368277201 5.0 857
1751368298861 5.0 858
1751368304342 5.0 859
1751368310766 5.0 860
1751368315718 5.0 861
1751368334069 5.0 862
1751368338243 5.0 863
1751368343377 5.0 864
1751368349822 5.0 865
1751368365268 5.0 866
1751368369870 5.0 867
1751368373934 5.0 868
1751368377945 5.0 869
1751368395688 5.0 870
1751368401312 5.0 871
1751368405638 5.0 872
1751368409687 5.0 873
1751368427319 5.0 874
1751368431836 5.0 875
1751368436766 5.0 876
1751368441161 5.0 877
1751368460652 5.0 878
1751368465052 5.0 879
1751368469125 5.0 880
1751368473268 5.0 881
1751368491883 5.0 882
1751368496107 5.0 883
1751368501022 5.0 884
1751368507356 5.0 885
1751368520255 5.0 886
1751368526724 5.0 887
1751368533080 5.0 888
1751368539573 5.0 889
1751368547217 5.0 890
1751368551251 5.0 891
1751368555289 5.0 892
1751368559313 5.0 893
1751368574821 5.0 894
1751368581116 5.0 895
1751368587528 5.0 896
1751368592157 5.0 897
1751368604870 5.0 898
1751368611294 5.0 899
1751368616752 5.0 900
1751368620959 5.0 901
1751368637535 5.0 902
1751368644041 5.0 903
1751368650987 5.0 904
1751368657463 5.0 905
1751368667479 5.0 906
1751368673862 5.0 907
1751368680322 5.0 908
1751368685680 5.0 909
1751368698594 5.0 910
1751368705003 5.0 911
1751368711349 5.0 912
1751368717722 5.0 913
1751368725566 5.0 914
1751368732005 5.0 915
1751368737869 5.0 916
1751368744695 5.0 917
1751368752279 5.0 918
1751368764351 5.0 919
1751368770749 5.0 920
1751368777151 5.0 921
1751368783510 5.0 922
1751368793388 5.0 923
1751368799769 5.0 924
1751368806046 5.0 925
1751368813010 5.0 926
1751368819953 5.0 927
1751368824010 5.0 928
1751368830519 5.0 929
1751368843205 5.0 930
1751368849566 5.0 931
1751368856072 5.0 932
1751368861850 5.0 933
1751368870197 5.0 934
1751368880001 5.0 935
1751368890365 5.0 936
1751368896850 5.0 937
1751368903260 5.0 938
1751368909720 5.0 939
1751368921361 5.0 940
1751368926643 5.0 941
1751368933552 5.0 942
1751368941863 5.0 943
1751368953450 5.0 944
1751368959753 5.0 945
1751368966379 5.0 946
1751368972698 5.0 947
1751368982930 5.0 948
1751368989366 5.0 949
1751368997947 5.0 950
1751369001985 5.0 951
1751369013087 5.0 952
1751369019577 5.0 953
1751369027740 5.0 954
1751369034156 5.0 955
1751369043462 5.0 956
1751369050334 5.0 957
1751369059559 5.0 958
1751369066185 5.0 959
1751369072172 5.0 960
1751369078570 5.0 961
1751369091698 5.0 962
1751369098089 5.0 963
1751369104481 5.0 964
1751369109175 5.0 965
1751369123631 5.0 966
1751369128646 5.0 967
1751369133885 5.0 968
1751369140329 5.0 969
1751369158914 5.0 970
1751369165567 5.0 971
1751369172027 5.0 972
1751369176226 5.0 973
1751369190539 5.0 974
1751369197304 5.0 975
1751369203002 5.0 976
1751369209135 5.0 977
1751369220113 5.0 978
1751369227032 5.0 979
1751369233314 5.0 980
1751369239746 5.0 981
1751369252941 5.0 982
1751369258863 5.0 983
1751369263168 5.0 984
1751369267132 5.0 985
1751369278766 5.0 986
1751369282498 5.0 987
1751369286208 5.0 988
1751369289568 5.0 989
1751369588913 5.0 989
1751369621619 6.0 990
1751369626285 6.0 991
1751369632725 6.0 992
1751369639104 6.0 993
1751369650734 6.0 994
1751369657758 6.0 995
1751369664019 6.0 996
1751369670379 6.0 997
1751369681194 6.0 998
1751369687586 6.0 999
1751369693929 6.0 1000
1751369700339 6.0 1001
1751369712977 6.0 1002
1751369720492 6.0 1003
1751369726307 6.0 1004
1751369732770 6.0 1005
1751369740848 6.0 1006
1751369755044 6.0 1007
1751369761456 6.0 1008
1751369767945 6.0 1009
1751369774320 6.0 1010
1751369782918 6.0 1011
1751369789401 6.0 1012
1751369795769 6.0 1013
1751369801150 6.0 1014
1751369816064 6.0 1015
1751369822481 6.0 1016
1751369828949 6.0 1017
1751369833934 6.0 1018
1751369848351 6.0 1019
1751369854655 6.0 1020
1751369860973 6.0 1021
1751369865867 6.0 1022
1751369877317 6.0 1023
1751369883810 6.0 1024
1751369890661 6.0 1025
1751369899195 6.0 1026
1751369905737 6.0 1027
1751369910529 6.0 1028
1751369914663 6.0 1029
1751369931820 6.0 1030
1751369936228 6.0 1031
1751369940227 6.0 1032
1751369946667 6.0 1033
1751369965227 6.0 1034
1751369970515 6.0 1035
1751369977020 6.0 1036
1751369983433 6.0 1037
1751369994903 6.0 1038
1751370001201 6.0 1039
1751370007635 6.0 1040
1751370013361 6.0 1041
1751370021353 6.0 1042
1751370029085 6.0 1043
1751370035316 6.0 1044
1751370040730 6.0 1045
1751370051500 6.0 1046
1751370061344 6.0 1047
1751370065522 6.0 1048
1751370069613 6.0 1049
1751370085097 6.0 1050
1751370096458 6.0 1051
1751370101074 6.0 1052
1751370105204 6.0 1053
1751370112488 6.0 1054
1751370127071 6.0 1055
1751370133410 6.0 1056
1751370137567 6.0 1057
1751370145842 6.0 1058
1751370156731 6.0 1059
1751370161587 6.0 1060
1751370166085 6.0 1061
1751370179578 6.0 1062
1751370185968 6.0 1063
1751370191484 6.0 1064
1751370195813 6.0 1065
1751370212386 6.0 1066
1751370221314 6.0 1067
1751370225496 6.0 1068
1751370229683 6.0 1069
1751370239278 6.0 1070
1751370254005 6.0 1071
1751370258015 6.0 1072
1751370264406 6.0 1073
1751370270813 6.0 1074
1751370285587 6.0 1075
1751370290115 6.0 1076
1751370294298 6.0 1077
1751370298407 6.0 1078
1751370315556 6.0 1079
1751370321032 6.0 1080
1751370325554 6.0 1081
1751370335689 6.0 1082
1751370346147 6.0 1083
1751370351881 6.0 1084
1751370355904 6.0 1085
1751370362398 6.0 1086
1751370376688 6.0 1087
1751370383108 6.0 1088
1751370389020 6.0 1089
1751370393786 6.0 1090
1751370403869 6.0 1091
1751370410783 6.0 1092
1751370417194 6.0 1093
1751370427084 6.0 1094
1751370431097 6.0 1095
1751370435387 6.0 1096
1751370441225 6.0 1097
1751370462258 6.0 1098
1751370468748 6.0 1099
1751370473230 6.0 1100
1751370477396 6.0 1101
1751370489287 6.0 1102
1751370502133 6.0 1103
1751370506319 6.0 1104
1751370510608 6.0 1105
1751370515489 6.0 1106
1751370533826 6.0 1107
1751370538890 6.0 1108
1751370543026 6.0 1109
1751370547094 6.0 1110
1751370562925 6.0 1111
1751370568189 6.0 1112
1751370574644 6.0 1113
1751370582093 6.0 1114
1751370594950 6.0 1115
1751370599774 6.0 1116
1751370603755 6.0 1117
1751370613492 6.0 1118
1751370623878 6.0 1119
1751370629862 6.0 1120
1751370635667 6.0 1121
1751370642470 6.0 1122
1751370657564 6.0 1123
1751370664031 6.0 1124
1751370670438 6.0 1125
1751370675837 6.0 1126
1751370684627 6.0 1127
1751370688663 6.0 1128
1751370692696 6.0 1129
1751370702202 6.0 1130
1751370716931 6.0 1131
1751370723732 6.0 1132
1751370730088 6.0 1133
1751370734870 6.0 1134
1751370745894 6.0 1135
1751370752382 6.0 1136
1751370758785 6.0 1137
1751370765216 6.0 1138
1751370778383 6.0 1139
1751370784758 6.0 1140
1751370789227 6.0 1141
1751370795467 6.0 1142
1751370806611 6.0 1143
1751370812971 6.0 1144
1751370819847 6.0 1145
1751370824634 6.0 1146
1751370838460 6.0 1147
1751370843724 6.0 1148
1751370848050 6.0 1149
1751370852454 6.0 1150
1751370864344 6.0 1151
1751370868077 6.0 1152
1751370871810 6.0 1153
1751370875204 6.0 1154
1751371173650 6.0 1154
1751371205993 7.0 1155
1751371212290 7.0 1156
1751371217366 7.0 1157
1751371221291 7.0 1158
1751371235472 7.0 1159
1751371241839 7.0 1160
1751371248157 7.0 1161
1751371254456 7.0 1162
1751371264492 7.0 1163
1751371270869 7.0 1164
1751371277247 7.0 1165
1751371283645 7.0 1166
1751371293202 7.0 1167
1751371301575 7.0 1168
1751371307950 7.0 1169
1751371314466 7.0 1170
1751371325692 7.0 1171
1751371332495 7.0 1172
1751371336554 7.0 1173
1751371340560 7.0 1174
1751371358023 7.0 1175
1751371364446 7.0 1176
1751371369314 7.0 1177
1751371375631 7.0 1178
1751371384725 7.0 1179
1751371393594 7.0 1180
1751371399993 7.0 1181
1751371406327 7.0 1182
1751371417658 7.0 1183
1751371424653 7.0 1184
1751371431422 7.0 1185
1751371437306 7.0 1186
1751371449620 7.0 1187
1751371456156 7.0 1188
1751371461980 7.0 1189
1751371468531 7.0 1190
1751371479214 7.0 1191
1751371489264 7.0 1192
1751371495661 7.0 1193
1751371502146 7.0 1194
1751371508674 7.0 1195
1751371521569 7.0 1196
1751371527989 7.0 1197
1751371534360 7.0 1198
1751371541175 7.0 1199
1751371551087 7.0 1200
1751371557585 7.0 1201
1751371564001 7.0 1202
1751371570276 7.0 1203
1751371580657 7.0 1204
1751371587118 7.0 1205
1751371593540 7.0 1206
1751371599956 7.0 1207
1751371610652 7.0 1208
1751371616980 7.0 1209
1751371623405 7.0 1210
1751371629742 7.0 1211
1751371637561 7.0 1212
1751371644152 7.0 1213
1751371650272 7.0 1214
1751371661766 7.0 1215
1751371668209 7.0 1216
1751371674569 7.0 1217
1751371681008 7.0 1218
1751371687437 7.0 1219
1751371697824 7.0 1220
1751371706601 7.0 1221
1751371713067 7.0 1222
1751371723701 7.0 1223
1751371729871 7.0 1224
1751371738467 7.0 1225
1751371744831 7.0 1226
1751371756971 7.0 1227
1751371763494 7.0 1228
1751371769898 7.0 1229
1751371776321 7.0 1230
1751371789182 7.0 1231
1751371794832 7.0 1232
1751371799600 7.0 1233
1751371803598 7.0 1234
1751371820294 7.0 1235
1751371826554 7.0 1236
1751371832596 7.0 1237
1751371839054 7.0 1238
1751371859115 7.0 1239
1751371864326 7.0 1240
1751371868487 7.0 1241
1751371874960 7.0 1242
1751371887500 7.0 1243
1751371893836 7.0 1244
1751371899110 7.0 1245
1751371903099 7.0 1246
1751371914403 7.0 1247
1751371918530 7.0 1248
1751371922583 7.0 1249
1751371926611 7.0 1250
1751371944646 7.0 1251
1751371948985 7.0 1252
1751371953786 7.0 1253
1751371960088 7.0 1254
1751371975588 7.0 1255
1751371981797 7.0 1256
1751371988107 7.0 1257
1751371994503 7.0 1258
1751372002736 7.0 1259
1751372014176 7.0 1260
1751372020678 7.0 1261
1751372027100 7.0 1262
1751372036472 7.0 1263
1751372043756 7.0 1264
1751372048276 7.0 1265
1751372053323 7.0 1266
1751372067711 7.0 1267
1751372074125 7.0 1268
1751372080498 7.0 1269
1751372086899 7.0 1270
1751372096387 7.0 1271
1751372101073 7.0 1272
1751372111460 7.0 1273
1751372117913 7.0 1274
1751372124379 7.0 1275
1751372130903 7.0 1276
1751372144016 7.0 1277
1751372150516 7.0 1278
1751372159025 7.0 1279
1751372165410 7.0 1280
1751372172550 7.0 1281
1751372176751 7.0 1282
1751372189489 7.0 1283
1751372199055 7.0 1284
1751372203853 7.0 1285
1751372210309 7.0 1286
1751372221843 7.0 1287
1751372228226 7.0 1288
1751372234608 7.0 1289
1751372241132 7.0 1290
1751372254994 7.0 1291
1751372261828 7.0 1292
1751372265990 7.0 1293
1751372272314 7.0 1294
1751372284653 7.0 1295
1751372290506 7.0 1296
1751372296925 7.0 1297
1751372303359 7.0 1298
1751372310216 7.0 1299
1751372319832 7.0 1300
1751372323969 7.0 1301
1751372328129 7.0 1302
1751372344409 7.0 1303
1751372351598 7.0 1304
1751372355654 7.0 1305
1751372362521 7.0 1306
1751372375079 7.0 1307
1751372385216 7.0 1308
1751372389530 7.0 1309
1751372393820 7.0 1310
1751372404235 7.0 1311
1751372414820 7.0 1312
1751372418862 7.0 1313
1751372422875 7.0 1314
1751372431801 7.0 1315
1751372441505 7.0 1316
1751372448190 7.0 1317
1751372451983 7.0 1318
1751372455699 7.0 1319
1751372742184 7.0 1319
1751372774912 8.0 1320
1751372781297 8.0 1321
1751372785539 8.0 1322
1751372791966 8.0 1323
1751372807389 8.0 1324
1751372813728 8.0 1325
1751372820082 8.0 1326
1751372826497 8.0 1327
1751372833786 8.0 1328
1751372840111 8.0 1329
1751372846726 8.0 1330
1751372852037 8.0 1331
1751372862036 8.0 1332
1751372869025 8.0 1333
1751372878434 8.0 1334
1751372884840 8.0 1335
1751372891381 8.0 1336
1751372902216 8.0 1337
1751372906323 8.0 1338
1751372910465 8.0 1339
1751372927685 8.0 1340
1751372934221 8.0 1341
1751372940474 8.0 1342
1751372946933 8.0 1343
1751372958228 8.0 1344
1751372964572 8.0 1345
1751372971198 8.0 1346
1751372975297 8.0 1347
1751372991817 8.0 1348
1751372998227 8.0 1349
1751373003295 8.0 1350
1751373009712 8.0 1351
1751373018280 8.0 1352
1751373023980 8.0 1353
1751373029767 8.0 1354
1751373035989 8.0 1355
1751373050444 8.0 1356
1751373056866 8.0 1357
1751373062509 8.0 1358
1751373066808 8.0 1359
1751373082176 8.0 1360
1751373088588 8.0 1361
1751373095010 8.0 1362
1751373101434 8.0 1363
1751373112701 8.0 1364
1751373116784 8.0 1365
1751373121264 8.0 1366
1751373126089 8.0 1367
1751373144098 8.0 1368
1751373150492 8.0 1369
1751373154644 8.0 1370
1751373158654 8.0 1371
1751373178804 8.0 1372
1751373182866 8.0 1373
1751373186863 8.0 1374
1751373190855 8.0 1375
1751373213604 8.0 1376
1751373220022 8.0 1377
1751373224771 8.0 1378
1751373229860 8.0 1379
1751373240949 8.0 1380
1751373247341 8.0 1381
1751373253159 8.0 1382
1751373259349 8.0 1383
1751373275037 8.0 1384
1751373281440 8.0 1385
1751373286707 8.0 1386
1751373290708 8.0 1387
1751373306429 8.0 1388
1751373312782 8.0 1389
1751373319236 8.0 1390
1751373325557 8.0 1391
1751373336836 8.0 1392
1751373343291 8.0 1393
1751373349676 8.0 1394
1751373356048 8.0 1395
1751373370020 8.0 1396
1751373374052 8.0 1397
1751373378200 8.0 1398
1751373382580 8.0 1399
1751373398108 8.0 1400
1751373404657 8.0 1401
1751373411137 8.0 1402
1751373417671 8.0 1403
1751373429176 8.0 1404
1751373435536 8.0 1405
1751373442036 8.0 1406
1751373448353 8.0 1407
1751373461932 8.0 1408
1751373468250 8.0 1409
1751373474584 8.0 1410
1751373481041 8.0 1411
1751373492563 8.0 1412
1751373497844 8.0 1413
1751373503686 8.0 1414
1751373507766 8.0 1415
1751373524506 8.0 1416
1751373530522 8.0 1417
1751373536533 8.0 1418
1751373540648 8.0 1419
1751373557021 8.0 1420
1751373561834 8.0 1421
1751373565964 8.0 1422
1751373572352 8.0 1423
1751373584259 8.0 1424
1751373590619 8.0 1425
1751373597302 8.0 1426
1751373601968 8.0 1427
1751373619253 8.0 1428
1751373625033 8.0 1429
1751373630694 8.0 1430
1751373634914 8.0 1431
1751373649357 8.0 1432
1751373655736 8.0 1433
1751373662065 8.0 1434
1751373668572 8.0 1435
1751373679891 8.0 1436
1751373684721 8.0 1437
1751373691171 8.0 1438
1751373698065 8.0 1439
1751373712141 8.0 1440
1751373716776 8.0 1441
1751373720950 8.0 1442
1751373727312 8.0 1443
1751373740542 8.0 1444
1751373746587 8.0 1445
1751373753046 8.0 1446
1751373759500 8.0 1447
1751373770839 8.0 1448
1751373777213 8.0 1449
1751373783044 8.0 1450
1751373787896 8.0 1451
1751373796516 8.0 1452
1751373802138 8.0 1453
1751373808563 8.0 1454
1751373815040 8.0 1455
1751373825014 8.0 1456
1751373831314 8.0 1457
1751373837791 8.0 1458
1751373844219 8.0 1459
1751373852772 8.0 1460
1751373856828 8.0 1461
1751373868666 8.0 1462
1751373875067 8.0 1463
1751373882518 8.0 1464
1751373888905 8.0 1465
1751373904938 8.0 1466
1751373909937 8.0 1467
1751373915730 8.0 1468
1751373919939 8.0 1469
1751373933571 8.0 1470
1751373940018 8.0 1471
1751373947326 8.0 1472
1751373953751 8.0 1473
1751373968233 8.0 1474
1751373973453 8.0 1475
1751373979888 8.0 1476
1751373984557 8.0 1477
1751373994734 8.0 1478
1751373999698 8.0 1479
1751374004599 8.0 1480
1751374008847 8.0 1481
1751374021409 8.0 1482
1751374025140 8.0 1483
1751374028498 8.0 1484
1751374332435 8.0 1484
1751374364524 9.0 1485
1751374368558 9.0 1486
1751374372530 9.0 1487
1751374376543 9.0 1488
1751374390530 9.0 1489
1751374398431 9.0 1490
1751374404796 9.0 1491
1751374411203 9.0 1492
1751374418346 9.0 1493
1751374432352 9.0 1494
1751374438700 9.0 1495
1751374445152 9.0 1496
1751374451528 9.0 1497
1751374460353 9.0 1498
1751374464353 9.0 1499
1751374469259 9.0 1500
1751374476851 9.0 1501
1751374494999 9.0 1502
1751374501402 9.0 1503
1751374507799 9.0 1504
1751374514249 9.0 1505
1751374521950 9.0 1506
1751374528322 9.0 1507
1751374534775 9.0 1508
1751374541124 9.0 1509
1751374554539 9.0 1510
1751374560828 9.0 1511
1751374567261 9.0 1512
1751374572173 9.0 1513
1751374585047 9.0 1514
1751374591535 9.0 1515
1751374597855 9.0 1516
1751374601941 9.0 1517
1751374615332 9.0 1518
1751374621929 9.0 1519
1751374628363 9.0 1520
1751374634692 9.0 1521
1751374644478 9.0 1522
1751374650793 9.0 1523
1751374657255 9.0 1524
1751374663604 9.0 1525
1751374675243 9.0 1526
1751374681664 9.0 1527
1751374686571 9.0 1528
1751374692987 9.0 1529
1751374706309 9.0 1530
1751374712753 9.0 1531
1751374719180 9.0 1532
1751374725952 9.0 1533
1751374735061 9.0 1534
1751374741543 9.0 1535
1751374748117 9.0 1536
1751374757880 9.0 1537
1751374764334 9.0 1538
1751374770800 9.0 1539
1751374776997 9.0 1540
1751374785753 9.0 1541
1751374797994 9.0 1542
1751374804340 9.0 1543
1751374810805 9.0 1544
1751374820443 9.0 1545
1751374831833 9.0 1546
1751374838320 9.0 1547
1751374844676 9.0 1548
1751374851034 9.0 1549
1751374864338 9.0 1550
1751374870680 9.0 1551
1751374877158 9.0 1552
1751374883503 9.0 1553
1751374892079 9.0 1554
1751374896920 9.0 1555
1751374901525 9.0 1556
1751374906761 9.0 1557
1751374922778 9.0 1558
1751374929494 9.0 1559
1751374935975 9.0 1560
1751374942368 9.0 1561
1751374957612 9.0 1562
1751374964076 9.0 1563
1751374969828 9.0 1564
1751374973834 9.0 1565
1751374988026 9.0 1566
1751374994453 9.0 1567
1751375000848 9.0 1568
1751375007234 9.0 1569
1751375020775 9.0 1570
1751375027167 9.0 1571
1751375033578 9.0 1572
1751375040422 9.0 1573
1751375047849 9.0 1574
1751375054240 9.0 1575
1751375060629 9.0 1576
1751375067102 9.0 1577
1751375074648 9.0 1578
1751375081086 9.0 1579
1751375085133 9.0 1580
1751375090774 9.0 1581
1751375105363 9.0 1582
1751375111810 9.0 1583
1751375118281 9.0 1584
1751375124209 9.0 1585
1751375134891 9.0 1586
1751375141308 9.0 1587
1751375147698 9.0 1588
1751375154019 9.0 1589
1751375161278 9.0 1590
1751375171460 9.0 1591
1751375177797 9.0 1592
1751375184128 9.0 1593
1751375190549 9.0 1594
1751375208809 9.0 1595
1751375215185 9.0 1596
1751375221704 9.0 1597
1751375225705 9.0 1598
1751375241726 9.0 1599
1751375248068 9.0 1600
1751375254406 9.0 1601
1751375260790 9.0 1602
1751375271169 9.0 1603
1751375277633 9.0 1604
1751375284047 9.0 1605
1751375290522 9.0 1606
1751375299947 9.0 1607
1751375308978 9.0 1608
1751375315373 9.0 1609
1751375321747 9.0 1610
1751375328402 9.0 1611
1751375340170 9.0 1612
1751375346947 9.0 1613
1751375353266 9.0 1614
1751375359579 9.0 1615
1751375373535 9.0 1616
1751375379904 9.0 1617
1751375386321 9.0 1618
1751375392753 9.0 1619
1751375407838 9.0 1620
1751375413524 9.0 1621
1751375417638 9.0 1622
1751375424003 9.0 1623
1751375436213 9.0 1624
1751375442560 9.0 1625
1751375449374 9.0 1626
1751375455918 9.0 1627
1751375472005 9.0 1628
1751375476029 9.0 1629
1751375480054 9.0 1630
1751375484097 9.0 1631
1751375504055 9.0 1632
1751375510412 9.0 1633
1751375516709 9.0 1634
1751375522685 9.0 1635
1751375533355 9.0 1636
1751375537667 9.0 1637
1751375544123 9.0 1638
1751375550877 9.0 1639
1751375565702 9.0 1640
1751375572128 9.0 1641
1751375577236 9.0 1642
1751375581183 9.0 1643
1751375591310 9.0 1644
1751375595100 9.0 1645
1751375598844 9.0 1646
1751375602589 9.0 1647
1751375615787 9.0 1648
1751375619141 9.0 1649
1751375911059 9.0 1649
