1751360177875 0.17925101518630981 0
1751360184208 0.19466763734817505 1
1751360190553 0.15456390380859375 2
1751360196876 0.1543554961681366 3
1751360214074 0.17320913076400757 4
1751360218049 0.1559680551290512 5
1751360221965 0.1415773332118988 6
1751360225902 0.14020046591758728 7
1751360250885 0.13121387362480164 8
1751360257172 0.15405990183353424 9
1751360263937 0.1472623199224472 10
1751360270145 0.13928429782390594 11
1751360277210 0.14260509610176086 12
1751360283487 0.13174711167812347 13
1751360289723 0.12672974169254303 14
1751360296003 0.13803288340568542 15
1751360303266 0.13513019680976868 16
1751360309430 0.13512712717056274 17
1751360315671 0.13622449338436127 18
1751360321917 0.1344333291053772 19
1751360335510 0.12895667552947998 20
1751360341818 0.1367526650428772 21
1751360348129 0.12777996063232422 22
1751360354856 0.10867876559495926 23
1751360361626 0.1077319085597992 24
1751360369289 0.08912903070449829 25
1751360373976 0.10027915984392166 26
1751360380224 0.10532202571630478 27
1751360391315 0.10260148346424103 28
1751360403186 0.10108883678913116 29
1751360409512 0.11215589940547943 30
1751360415841 0.08495008200407028 31
1751360422151 0.10039685666561127 32
1751360431972 0.09414607286453247 33
1751360438316 0.08242277055978775 34
1751360444622 0.09022778272628784 35
1751360450881 0.09605824947357178 36
1751360461773 0.09576962888240814 37
1751360468155 0.10482214391231537 38
1751360474444 0.10532211512327194 39
1751360480781 0.09776472300291061 40
1751360487710 0.10132326185703278 41
1751360499655 0.0845429003238678 42
1751360505877 0.11530899256467819 43
1751360512234 0.09620904177427292 44
1751360518614 0.09546228498220444 45
1751360528869 0.0850144699215889 46
1751360535183 0.08683020621538162 47
1751360541586 0.08098423480987549 48
1751360554657 0.08530820161104202 49
1751360561391 0.09540556371212006 50
1751360567815 0.09871460497379303 51
1751360571991 0.09561849385499954 52
1751360583883 0.08940057456493378 53
1751360588840 0.10337284207344055 54
1751360595263 0.08514813333749771 55
1751360599298 0.10159609466791153 56
1751360614984 0.07038425654172897 57
1751360621373 0.10544046759605408 58
1751360627752 0.10117746889591217 59
1751360633067 0.08691118657588959 60
1751360643389 0.08171123266220093 61
1751360660241 0.0946437418460846 62
1751360666897 0.10089261084794998 63
1751360673227 0.10447251796722412 64
1751360679582 0.0998934656381607 65
1751360692600 0.09463293850421906 66
1751360697361 0.08254025131464005 67
1751360703806 0.07684488594532013 68
1751360710190 0.08275753259658813 69
1751360723100 0.09785084426403046 70
1751360729535 0.08021079748868942 71
1751360735876 0.08796077966690063 72
1751360742220 0.07258083671331406 73
1751360751939 0.08517370373010635 74
1751360756718 0.07991071045398712 75
1751360763113 0.07757581770420074 76
1751360769807 0.08444121479988098 77
1751360779074 0.0953274518251419 78
1751360785439 0.07718915492296219 79
1751360791853 0.07131022214889526 80
1751360798287 0.08610591292381287 81
1751360809112 0.09472715854644775 82
1751360815486 0.08492596447467804 83
1751360821845 0.08932649344205856 84
1751360828489 0.09052595496177673 85
1751360841193 0.0871305838227272 86
1751360847256 0.08408774435520172 87
1751360851268 0.07048586010932922 88
1751360855228 0.09546472877264023 89
1751360867944 0.08980171382427216 90
1751360874242 0.08355920016765594 91
1751360880518 0.09203512966632843 92
1751360890694 0.09417571872472763 93
1751360898008 0.07957881689071655 94
1751360904407 0.07406255602836609 95
1751360910810 0.0959332063794136 96
1751360920417 0.06217917054891586 97
1751360931529 0.09472884237766266 98
1751360937864 0.08099140226840973 99
1751360944274 0.08677595853805542 100
1751360950705 0.08593142777681351 101
1751360964233 0.11269447207450867 102
1751360971041 0.08311747014522552 103
1751360977518 0.10093815624713898 104
1751360982343 0.09356813877820969 105
1751360993199 0.08549242466688156 106
1751360999551 0.0858328714966774 107
1751361006021 0.08720369637012482 108
1751361012412 0.08349499106407166 109
1751361019916 0.09078117460012436 110
1751361026336 0.09423334896564484 111
1751361032681 0.0834418535232544 112
1751361042866 0.09331567585468292 113
1751361052266 0.09829182922840118 114
1751361058660 0.08254963904619217 115
1751361065081 0.08248117566108704 116
1751361073307 0.0761527493596077 117
1751361083448 0.09757141768932343 118
1751361089911 0.08080552518367767 119
1751361096326 0.08631888031959534 120
1751361104266 0.08780702203512192 121
1751361110653 0.07538644224405289 122
1751361117039 0.08091117441654205 123
1751361123862 0.08341297507286072 124
1751361132813 0.0902552530169487 125
1751361143202 0.0887991413474083 126
1751361149679 0.09337997436523438 127
1751361155789 0.0792306438088417 128
1751361160532 0.08787022531032562 129
1751361177235 0.08956987410783768 130
1751361181251 0.08108890801668167 131
1751361185297 0.0865030586719513 132
1751361191745 0.09074846655130386 133
1751361210208 0.08198340982198715 134
1751361216581 0.07901220768690109 135
1751361222204 0.0858270451426506 136
1751361226284 0.08229265362024307 137
1751361240962 0.08078237622976303 138
1751361247424 0.08942203223705292 139
1751361253838 0.08703239262104034 140
1751361260215 0.0950537770986557 141
1751361270630 0.0823514312505722 142
1751361277390 0.09172259271144867 143
1751361283820 0.0776621401309967 144
1751361290123 0.10290133953094482 145
1751361303836 0.0871189534664154 146
1751361310267 0.0946720615029335 147
1751361316716 0.10420111566781998 148
1751361322404 0.07303406298160553 149
1751361340809 0.09180792421102524 150
1751361347075 0.07682435214519501 151
1751361351143 0.08923235535621643 152
1751361357447 0.08634413778781891 153
1751361365936 0.08030854910612106 154
1751361370556 0.09280737489461899 155
1751361375315 0.0687989816069603 156
1751361381693 0.08914310485124588 157
1751361396400 0.08733190596103668 158
1751361400470 0.07640079408884048 159
1751361404313 0.08158114552497864 160
1751361408233 0.08862490206956863 161
1751361421287 0.0918462797999382 162
1751361424970 0.0950544998049736 163
1751361428334 0.08329164981842041 164
1751361757733 0.09185832738876343 165
1751361764076 0.08219896256923676 166
1751361770366 0.09805554896593094 167
1751361776686 0.08843624591827393 168
1751361786601 0.08508524298667908 169
1751361790983 0.06440320611000061 170
1751361794976 0.08261801302433014 171
1751361799030 0.09744451940059662 172
1751361815293 0.09161898493766785 173
1751361825361 0.08754844963550568 174
1751361831737 0.08977866172790527 175
1751361837967 0.09652016311883926 176
1751361844415 0.09130512177944183 177
1751361857399 0.08691367506980896 178
1751361863822 0.08398899435997009 179
1751361869326 0.09070873260498047 180
1751361875495 0.09283162653446198 181
1751361889795 0.07615596055984497 182
1751361896534 0.08292920887470245 183
1751361902852 0.08318667858839035 184
1751361909246 0.07678821682929993 185
1751361921620 0.08304678648710251 186
1751361927946 0.08802659809589386 187
1751361934284 0.08550439029932022 188
1751361940497 0.0844871923327446 189
1751361948194 0.09125302731990814 190
1751361954621 0.07136870920658112 191
1751361961009 0.07793771475553513 192
1751361967318 0.09394893050193787 193
1751361983056 0.07855724543333054 194
1751361989512 0.10635456442832947 195
1751361996263 0.08343008160591125 196
1751362002702 0.0808170959353447 197
1751362015416 0.08104660362005234 198
1751362021788 0.07948984205722809 199
1751362028153 0.07315210998058319 200
1751362034527 0.08611053228378296 201
1751362047045 0.09404510259628296 202
1751362053420 0.09111931920051575 203
1751362059879 0.0900321826338768 204
1751362065768 0.08048765361309052 205
1751362074592 0.08276298642158508 206
1751362080988 0.07250716537237167 207
1751362087381 0.06898908317089081 208
1751362093830 0.09084311127662659 209
1751362105611 0.09054236114025116 210
1751362109929 0.08374685794115067 211
1751362113990 0.08737323433160782 212
1751362118121 0.09398439526557922 213
1751362134955 0.07467179000377655 214
1751362141290 0.0672527328133583 215
1751362147645 0.08404382318258286 216
1751362153586 0.0838736891746521 217
1751362165514 0.08347716927528381 218
1751362172008 0.08753859251737595 219
1751362178544 0.0845755860209465 220
1751362184986 0.09128463268280029 221
1751362196588 0.08592886477708817 222
1751362203318 0.09058854728937149 223
1751362209624 0.07552056759595871 224
1751362215915 0.09033482521772385 225
1751362227963 0.06977486610412598 226
1751362234418 0.08122224360704422 227
1751362240778 0.07088970392942429 228
1751362247168 0.07585243135690689 229
1751362262720 0.08186265826225281 230
1751362269096 0.09273483604192734 231
1751362273207 0.0898861438035965 232
1751362279601 0.0761740580201149 233
1751362294530 0.07469996064901352 234
1751362300339 0.07878904044628143 235
1751362306136 0.0950869470834732 236
1751362310505 0.08277874439954758 237
1751362325239 0.07946132123470306 238
1751362331223 0.07707592099905014 239
1751362335629 0.07823538035154343 240
1751362342077 0.08342021703720093 241
1751362353937 0.08375270664691925 242
1751362360400 0.056730519980192184 243
1751362366219 0.08581312000751495 244
1751362371320 0.09187770634889603 245
1751362384701 0.11224036663770676 246
1751362391094 0.09095209091901779 247
1751362397528 0.0692434310913086 248
1751362403889 0.09951820969581604 249
1751362416817 0.07190273702144623 250
1751362423149 0.08473657816648483 251
1751362428161 0.08458784222602844 252
1751362432269 0.07998952269554138 253
1751362447208 0.09210306406021118 254
1751362453631 0.08930864930152893 255
1751362460125 0.088341124355793 256
1751362466506 0.08557338267564774 257
1751362474119 0.07651278376579285 258
1751362480529 0.08035295456647873 259
1751362486971 0.07656050473451614 260
1751362493427 0.08199481666088104 261
1751362505457 0.07414937764406204 262
1751362512203 0.07078616321086884 263
1751362518605 0.070110023021698 264
1751362524866 0.09014424681663513 265
1751362541589 0.07464845478534698 266
1751362547974 0.07476309686899185 267
1751362552218 0.08502823114395142 268
1751362556282 0.07380904257297516 269
1751362570049 0.08770933747291565 270
1751362574129 0.08209998160600662 271
1751362578210 0.08346042782068253 272
1751362582293 0.08239851891994476 273
1751362596819 0.08866950124502182 274
1751362603194 0.07964539527893066 275
1751362609675 0.10831964761018753 276
1751362616494 0.08362621814012527 277
1751362629768 0.08448582887649536 278
1751362636028 0.08038663864135742 279
1751362642321 0.0834774374961853 280
1751362648740 0.08696814626455307 281
1751362665951 0.08591388911008835 282
1751362672238 0.08668456226587296 283
1751362678578 0.08074233680963516 284
1751362684376 0.07742638885974884 285
1751362697471 0.08695777505636215 286
1751362702885 0.09258082509040833 287
1751362708714 0.08132302761077881 288
1751362715069 0.08959303051233292 289
1751362724682 0.08281394839286804 290
1751362731068 0.08272776007652283 291
1751362737508 0.08012717217206955 292
1751362743801 0.08592726290225983 293
1751362755081 0.081625796854496 294
1751362761448 0.08324364572763443 295
1751362767829 0.07031580805778503 296
1751362774284 0.07622265070676804 297
1751362787061 0.0806785598397255 298
1751362793314 0.07532758265733719 299
1751362799728 0.08340157568454742 300
1751362806180 0.06168721616268158 301
1751362816831 0.08219516277313232 302
1751362822332 0.07735979557037354 303
1751362829196 0.09391772747039795 304
1751362835570 0.08191239088773727 305
1751362849122 0.06930556148290634 306
1751362855550 0.06493503600358963 307
1751362861933 0.09050406515598297 308
1751362868409 0.09709583222866058 309
1751362876189 0.09406254440546036 310
1751362881121 0.08589374274015427 311
1751362887380 0.07608368992805481 312
1751362891454 0.08409477770328522 313
1751362910103 0.08907538652420044 314
1751362915145 0.07987837493419647 315
1751362919223 0.08316196501255035 316
1751362923641 0.0909082219004631 317
1751362941318 0.07433929294347763 318
1751362947560 0.07284591346979141 319
1751362954012 0.07360444962978363 320
1751362958952 0.08307085186243057 321
1751362971062 0.09197677671909332 322
1751362975616 0.07605818659067154 323
1751362979839 0.08071193099021912 324
1751362983981 0.07275794446468353 325
1751362994656 0.07004466652870178 326
1751362998361 0.07775813341140747 327
1751363002082 0.08049026131629944 328
1751363005430 0.07797171175479889 329
1751363322209 0.07933417707681656 330
1751363326526 0.08669289201498032 331
1751363332940 0.09101151674985886 332
1751363338628 0.09137358516454697 333
1751363350548 0.07647716999053955 334
1751363356834 0.08030808717012405 335
1751363363370 0.08453904837369919 336
1751363369716 0.06646321713924408 337
1751363383971 0.09116314351558685 338
1751363388070 0.09072018414735794 339
1751363392193 0.07027696818113327 340
1751363396285 0.08217743784189224 341
1751363418970 0.08629878610372543 342
1751363425184 0.08992993086576462 343
1751363432014 0.08826005458831787 344
1751363438332 0.08314550668001175 345
1751363449889 0.08464668691158295 346
1751363456392 0.0972127616405487 347
1751363462799 0.08862476795911789 348
1751363469221 0.08185546845197678 349
1751363480834 0.0863548219203949 350
1751363487213 0.08474743366241455 351
1751363493619 0.07323294878005981 352
1751363500060 0.07686050236225128 353
1751363513535 0.07677946984767914 354
1751363519831 0.0725618526339531 355
1751363526275 0.08478036522865295 356
1751363532264 0.0794549211859703 357
1751363541216 0.076800636947155 358
1751363547572 0.07688461244106293 359
1751363554106 0.07154777646064758 360
1751363560439 0.07083015888929367 361
1751363573108 0.08264945447444916 362
1751363579140 0.08511573076248169 363
1751363583283 0.08058910071849823 364
1751363587347 0.07774906605482101 365
1751363605599 0.07523482292890549 366
1751363611846 0.08620743453502655 367
1751363618183 0.08664381504058838 368
1751363624370 0.0717126727104187 369
1751363635322 0.06974618136882782 370
1751363641810 0.09420788288116455 371
1751363647603 0.0797053873538971 372
1751363654048 0.08149063587188721 373
1751363672455 0.0836360976099968 374
1751363677843 0.08665213733911514 375
1751363682239 0.08377847075462341 376
1751363686401 0.0748835876584053 377
1751363702206 0.07918999344110489 378
1751363707876 0.0801282525062561 379
1751363711886 0.08450374007225037 380
1751363715865 0.0870119035243988 381
1751363732955 0.07717344164848328 382
1751363736993 0.0657147467136383 383
1751363741342 0.0748329907655716 384
1751363745335 0.07628532499074936 385
1751363766742 0.0776456668972969 386
1751363770954 0.07377896457910538 387
1751363775069 0.07910878956317902 388
1751363779138 0.08261113613843918 389
1751363794393 0.08699068427085876 390
1751363800751 0.07823220640420914 391
1751363806028 0.08038167655467987 392
1751363810181 0.071021169424057 393
1751363822424 0.08046755939722061 394
1751363828846 0.08029686659574509 395
1751363834981 0.06877582520246506 396
1751363839553 0.06814325600862503 397
1751363855275 0.09327691793441772 398
1751363859792 0.0750342607498169 399
1751363864972 0.08187246322631836 400
1751363871378 0.07039529085159302 401
1751363886888 0.08346839994192123 402
1751363890990 0.0826837345957756 403
1751363895096 0.06808151304721832 404
1751363901408 0.0868789553642273 405
1751363919357 0.08399003744125366 406
1751363924935 0.08063828200101852 407
1751363928960 0.08079560101032257 408
1751363935342 0.07705724984407425 409
1751363944774 0.08349812030792236 410
1751363951253 0.08973757177591324 411
1751363957691 0.08220137655735016 412
1751363964070 0.0736948549747467 413
1751363975480 0.08265422284603119 414
1751363981855 0.08864355832338333 415
1751363988286 0.07795551419258118 416
1751363993456 0.07243148982524872 417
1751364007221 0.10065971314907074 418
1751364013528 0.0790172815322876 419
1751364019986 0.08692675083875656 420
1751364026366 0.06642615795135498 421
1751364040750 0.0820893794298172 422
1751364045753 0.07982282340526581 423
1751364050147 0.07501459866762161 424
1751364054240 0.08123572170734406 425
1751364069416 0.08136872202157974 426
1751364075119 0.08976266533136368 427
1751364081520 0.08046945184469223 428
1751364087968 0.08636403828859329 429
1751364100674 0.09776656329631805 430
1751364105553 0.0843558982014656 431
1751364109909 0.06545328348875046 432
1751364116301 0.07136886566877365 433
1751364132253 0.08185845613479614 434
1751364138712 0.06811007112264633 435
1751364145123 0.07299183309078217 436
1751364151742 0.08579663932323456 437
1751364162412 0.07563439756631851 438
1751364168586 0.07341981679201126 439
1751364173331 0.08564061671495438 440
1751364179770 0.07523398101329803 441
1751364193153 0.08877512812614441 442
1751364197207 0.08609335124492645 443
1751364203499 0.07345180213451385 444
1751364209964 0.09070628136396408 445
1751364225163 0.09281864017248154 446
1751364231583 0.08023940026760101 447
1751364237167 0.0835278183221817 448
1751364241118 0.0755067989230156 449
1751364257694 0.07777636498212814 450
1751364261753 0.08931708335876465 451
1751364266673 0.0829494297504425 452
1751364273038 0.08218327164649963 453
1751364289969 0.08303660154342651 454
1751364296031 0.09467817097902298 455
1751364300156 0.08610089868307114 456
1751364306659 0.09540107846260071 457
1751364318176 0.08001860976219177 458
1751364324458 0.07761664688587189 459
1751364330928 0.07885425537824631 460
1751364337316 0.07774371653795242 461
1751364347606 0.08301927149295807 462
1751364353968 0.09133812040090561 463
1751364360792 0.0712398886680603 464
1751364367263 0.0933309867978096 465
1751364374065 0.08357502520084381 466
1751364380536 0.08770513534545898 467
1751364386932 0.08587087690830231 468
1751364393346 0.07507821917533875 469
1751364403529 0.0824950560927391 470
1751364409903 0.092964306473732 471
1751364416346 0.0791424810886383 472
1751364422683 0.09180675446987152 473
1751364430594 0.08681711554527283 474
1751364436997 0.09683245420455933 475
1751364443309 0.08964540809392929 476
1751364450174 0.08913084864616394 477
1751364462057 0.07315855473279953 478
1751364468519 0.08532165735960007 479
1751364474153 0.07245729863643646 480
1751364480617 0.08917056024074554 481
1751364492017 0.08017484098672867 482
1751364498111 0.08101943135261536 483
1751364502220 0.08695249259471893 484
1751364506293 0.088444784283638 485
1751364521727 0.07719357311725616 486
1751364526387 0.07949262112379074 487
1751364532325 0.08048226684331894 488
1751364538434 0.07706302404403687 489
1751364554597 0.07682710886001587 490
1751364558340 0.0800127163529396 491
1751364562073 0.08945146203041077 492
1751364565863 0.08000025898218155 493
1751364576144 0.07550714910030365 494
1751364899086 0.08425094187259674 495
1751364905364 0.07522272318601608 496
1751364911638 0.07784498482942581 497
1751364918021 0.08518064767122269 498
1751364935934 0.0850917398929596 499
1751364942319 0.06966537982225418 500
1751364947864 0.08831635117530823 501
1751364951874 0.09416930377483368 502
1751364967767 0.06933628767728806 503
1751364974570 0.08094869554042816 504
1751364979431 0.09242580831050873 505
1751364983601 0.08138633519411087 506
1751364994158 0.08529915660619736 507
1751365000513 0.07937633991241455 508
1751365006889 0.08184792846441269 509
1751365013334 0.08756797015666962 510
1751365020848 0.07277055829763412 511
1751365027295 0.07328788936138153 512
1751365033690 0.08191913366317749 513
1751365040047 0.07786579430103302 514
1751365054775 0.08802957832813263 515
1751365061155 0.08220545947551727 516
1751365067401 0.08343681693077087 517
1751365071520 0.07511083036661148 518
1751365084582 0.08278173208236694 519
1751365090942 0.08382882177829742 520
1751365096493 0.08449255675077438 521
1751365100482 0.08887971192598343 522
1751365113052 0.08762942254543304 523
1751365119492 0.07533656060695648 524
1751365125917 0.07894125580787659 525
1751365132152 0.07992660999298096 526
1751365139502 0.07331278920173645 527
1751365145892 0.08419804275035858 528
1751365155515 0.07762452214956284 529
1751365162292 0.07503370940685272 530
1751365166331 0.07177402079105377 531
1751365179624 0.08484393358230591 532
1751365186443 0.0810752883553505 533
1751365192866 0.073430135846138 534
1751365199189 0.08935122191905975 535
1751365210528 0.08723276108503342 536
1751365221839 0.08697380125522614 537
1751365228089 0.08365906774997711 538
1751365234312 0.08366650342941284 539
1751365238256 0.09253175556659698 540
1751365253804 0.08054248988628387 541
1751365260199 0.08858529478311539 542
1751365266698 0.08031804859638214 543
1751365273525 0.08436015993356705 544
1751365282235 0.08647267520427704 545
1751365288627 0.07800297439098358 546
1751365295027 0.07075925171375275 547
1751365305695 0.06735647469758987 548
1751365312927 0.07990172505378723 549
1751365318315 0.07324142754077911 550
1751365324699 0.06857410073280334 551
1751365332536 0.07486453652381897 552
1751365341226 0.07414218038320541 553
1751365347527 0.08223658055067062 554
1751365353915 0.08953655511140823 555
1751365360574 0.08118180185556412 556
1751365371632 0.07427453249692917 557
1751365377960 0.08240343630313873 558
1751365382811 0.07027792185544968 559
1751365394747 0.07961802184581757 560
1751365401376 0.07953887432813644 561
1751365407841 0.08179017901420593 562
1751365414303 0.08152998983860016 563
1751365426207 0.08168411254882812 564
1751365431067 0.08919752389192581 565
1751365437526 0.07312904298305511 566
1751365443987 0.0804208442568779 567
1751365457437 0.0799783319234848 568
1751365466959 0.07906004786491394 569
1751365473730 0.08356231451034546 570
1751365480208 0.08719058334827423 571
1751365488124 0.06545831263065338 572
1751365500569 0.08803553879261017 573
1751365504687 0.08875991404056549 574
1751365511146 0.08521843701601028 575
1751365517508 0.08432367444038391 576
1751365530746 0.08316090703010559 577
1751365537164 0.08498163521289825 578
1751365543573 0.08531884849071503 579
1751365549457 0.08673171699047089 580
1751365564614 0.08353272825479507 581
1751365570984 0.0704522505402565 582
1751365577280 0.078505739569664 583
1751365583821 0.08519397675991058 584
1751365594720 0.07602444291114807 585
1751365598815 0.08493330329656601 586
1751365602824 0.09306619316339493 587
1751365606957 0.08465716242790222 588
1751365628056 0.08549237251281738 589
1751365632091 0.09428834915161133 590
1751365636134 0.07644961774349213 591
1751365640258 0.08902379125356674 592
1751365658002 0.07824522256851196 593
1751365664462 0.0882960706949234 594
1751365670890 0.0759502500295639 595
1751365677196 0.08695670962333679 596
1751365688984 0.08657959848642349 597
1751365695492 0.08699242770671844 598
1751365701880 0.0676959678530693 599
1751365708423 0.07523453235626221 600
1751365715808 0.07196567952632904 601
1751365720979 0.07452048361301422 602
1751365727290 0.07647908478975296 603
1751365733694 0.07382412254810333 604
1751365742821 0.07363086938858032 605
1751365749245 0.07493595778942108 606
1751365755745 0.07637199014425278 607
1751365761606 0.060423508286476135 608
1751365773396 0.09171438962221146 609
1751365780254 0.07906679809093475 610
1751365785877 0.07144562155008316 611
1751365790038 0.08039382100105286 612
1751365805314 0.08329132944345474 613
1751365811704 0.0809013620018959 614
1751365816658 0.07239101827144623 615
1751365822991 0.07491586357355118 616
1751365836723 0.07334981858730316 617
1751365843113 0.0797543078660965 618
1751365849452 0.09149734675884247 619
1751365854609 0.0772840678691864 620
1751365867489 0.07877219468355179 621
1751365873798 0.08838853985071182 622
1751365880604 0.08280583471059799 623
1751365887162 0.07912524789571762 624
1751365899829 0.06747126579284668 625
1751365906225 0.08667506277561188 626
1751365912649 0.08536625653505325 627
1751365919075 0.06670113652944565 628
1751365930604 0.08067263662815094 629
1751365934840 0.08767680823802948 630
1751365938874 0.09145301580429077 631
1751365942937 0.07891116291284561 632
1751365962759 0.07699527591466904 633
1751365969095 0.08428920060396194 634
1751365974559 0.081003837287426 635
1751365980278 0.08222083747386932 636
1751365990132 0.08475323021411896 637
1751365994120 0.07767262309789658 638
1751366002560 0.08674097061157227 639
1751366009038 0.06799424439668655 640
1751366023500 0.09216189384460449 641
1751366029952 0.0837489441037178 642
1751366034393 0.07285390049219131 643
1751366038539 0.0742119699716568 644
1751366053094 0.07268349081277847 645
1751366059490 0.08795196563005447 646
1751366066261 0.08040875941514969 647
1751366072658 0.0846734419465065 648
1751366084232 0.07257530838251114 649
1751366090740 0.08284681290388107 650
1751366095134 0.09497159719467163 651
1751366099291 0.10063695162534714 652
1751366114334 0.0852430909872055 653
1751366118400 0.07212771475315094 654
1751366122504 0.08319912105798721 655
1751366126564 0.08501814305782318 656
1751366139811 0.06612831354141235 657
1751366143546 0.08242331445217133 658
1751366146920 0.09340845793485641 659
1751366468174 0.08247078955173492 660
1751366474489 0.06644341349601746 661
1751366480906 0.08231107890605927 662
1751366487153 0.0839737206697464 663
1751366498483 0.08132657408714294 664
1751366504747 0.07557807862758636 665
1751366511149 0.08740692585706711 666
1751366517512 0.0801149234175682 667
1751366525723 0.0857013389468193 668
1751366532139 0.07774265855550766 669
1751366538502 0.09273695945739746 670
1751366544836 0.08381657302379608 671
1751366552708 0.07214121520519257 672
1751366564888 0.08031853288412094 673
1751366571377 0.08253435045480728 674
1751366577751 0.08114468306303024 675
1751366584258 0.08523485064506531 676
1751366598593 0.08475592732429504 677
1751366605028 0.07670781016349792 678
1751366611497 0.07772700488567352 679
1751366617870 0.07668718695640564 680
1751366629704 0.08793532848358154 681
1751366636071 0.08255498111248016 682
1751366642466 0.09397079050540924 683
1751366648841 0.07075685262680054 684
1751366663761 0.08160507678985596 685
1751366669360 0.08473540842533112 686
1751366673410 0.08546791970729828 687
1751366678159 0.07221086323261261 688
1751366695915 0.08501432836055756 689
1751366701605 0.06495025753974915 690
1751366705643 0.08087217062711716 691
1751366709678 0.082171231508255 692
1751366724090 0.08044824749231339 693
1751366730479 0.08895841240882874 694
1751366736959 0.07971864193677902 695
1751366743407 0.08478190004825592 696
1751366753781 0.07291962951421738 697
1751366760125 0.07287146151065826 698
1751366766530 0.09188886731863022 699
1751366772870 0.0845307782292366 700
1751366781924 0.08846480399370193 701
1751366788398 0.08068294823169708 702
1751366794873 0.08334182947874069 703
1751366799218 0.08193083107471466 704
1751366812383 0.08484035730361938 705
1751366816361 0.08154419809579849 706
1751366820360 0.08048844337463379 707
1751366826390 0.07469610869884491 708
1751366839139 0.09428282082080841 709
1751366850192 0.0691152811050415 710
1751366856584 0.06909843534231186 711
1751366861624 0.07746180891990662 712
1751366868893 0.07301143556833267 713
1751366882470 0.06547203660011292 714
1751366888929 0.082254558801651 715
1751366895239 0.07123983651399612 716
1751366902132 0.08308599889278412 717
1751366916540 0.07111049443483353 718
1751366922911 0.08302130550146103 719
1751366929371 0.08763551712036133 720
1751366934771 0.0725417509675026 721
1751366949031 0.07639589160680771 722
1751366955486 0.08020847290754318 723
1751366961698 0.061236608773469925 724
1751366965694 0.0845886617898941 725
1751366976227 0.09027542918920517 726
1751366982596 0.0864216685295105 727
1751366988444 0.0900598019361496 728
1751366994946 0.07915564626455307 729
1751367013778 0.07200733572244644 730
1751367017871 0.09505075961351395 731
1751367021900 0.07770831882953644 732
1751367025892 0.0835328996181488 733
1751367041402 0.076351597905159 734
1751367047814 0.08507885783910751 735
1751367054126 0.08606898039579391 736
1751367060379 0.09070625901222229 737
1751367069033 0.07981715351343155 738
1751367075220 0.08750718832015991 739
1751367081605 0.08655206114053726 740
1751367085758 0.07446970790624619 741
1751367101798 0.08547651767730713 742
1751367105887 0.08125565946102142 743
1751367110373 0.08238346129655838 744
1751367116656 0.08872561156749725 745
1751367136260 0.08100897073745728 746
1751367140874 0.08995827287435532 747
1751367146048 0.08141244202852249 748
1751367152297 0.07763238996267319 749
1751367168308 0.09278073161840439 750
1751367174039 0.07542029023170471 751
1751367178035 0.07096318900585175 752
1751367184473 0.07441152632236481 753
1751367196923 0.07416747510433197 754
1751367202463 0.07280927151441574 755
1751367208873 0.08704673498868942 756
1751367215750 0.08144842088222504 757
1751367226782 0.07476016879081726 758
1751367232859 0.08228491991758347 759
1751367239322 0.08315388858318329 760
1751367245699 0.08987686783075333 761
1751367253435 0.07782132178544998 762
1751367259804 0.07245461642742157 763
1751367266275 0.08603485673666 764
1751367272978 0.07555039972066879 765
1751367285500 0.0739106833934784 766
1751367289544 0.06779973208904266 767
1751367295915 0.0753617137670517 768
1751367306075 0.0866958349943161 769
1751367318333 0.07838714867830276 770
1751367324462 0.07277899235486984 771
1751367328466 0.08459293842315674 772
1751367337303 0.0857936292886734 773
1751367348576 0.07761198282241821 774
1751367354999 0.07447420805692673 775
1751367361423 0.09244406223297119 776
1751367368355 0.07514461874961853 777
1751367378500 0.0677749514579773 778
1751367384943 0.08875605463981628 779
1751367391442 0.08113346993923187 780
1751367397804 0.08663258701562881 781
1751367407696 0.08224213123321533 782
1751367414043 0.07881435006856918 783
1751367420846 0.07077348232269287 784
1751367424785 0.07460248470306396 785
1751367435928 0.07972672581672668 786
1751367442290 0.07509306073188782 787
1751367448759 0.07033037394285202 788
1751367459348 0.08974842727184296 789
1751367467001 0.10093633830547333 790
1751367473442 0.07930784672498703 791
1751367479853 0.07920446991920471 792
1751367489076 0.07795076072216034 793
1751367498082 0.08951687812805176 794
1751367503908 0.0755065381526947 795
1751367508537 0.07552039623260498 796
1751367519275 0.08091646432876587 797
1751367527711 0.08581194281578064 798
1751367534181 0.08652707934379578 799
1751367540642 0.07658053189516068 800
1751367548264 0.08097957819700241 801
1751367555320 0.0769432783126831 802
1751367561061 0.06822651624679565 803
1751367573535 0.08239781111478806 804
1751367577783 0.09181860089302063 805
1751367585242 0.08369416743516922 806
1751367590772 0.06934260576963425 807
1751367603564 0.05807238444685936 808
1751367613343 0.08117292821407318 809
1751367619653 0.08447688072919846 810
1751367626478 0.10291969031095505 811
1751367636199 0.08666110783815384 812
1751367642849 0.06580470502376556 813
1751367649812 0.07682672142982483 814
1751367653807 0.08159544318914413 815
1751367664449 0.0799122154712677 816
1751367676127 0.08373307436704636 817
1751367680279 0.07725957781076431 818
1751367684356 0.09377723187208176 819
1751367693014 0.09067526459693909 820
1751367706288 0.07478906214237213 821
1751367710039 0.08430033922195435 822
1751367713800 0.07442474365234375 823
1751367717433 0.0802929624915123 824
1751368039208 0.08655573427677155 825
1751368045589 0.07148528099060059 826
1751368051906 0.07667741179466248 827
1751368058233 0.08860880881547928 828
1751368066083 0.08718135952949524 829
1751368070086 0.08587277680635452 830
1751368074122 0.0884304940700531 831
1751368078122 0.08851376920938492 832
1751368092838 0.07653262466192245 833
1751368101466 0.07534826546907425 834
1751368107787 0.08512993901968002 835
1751368114257 0.07235521823167801 836
1751368124050 0.08251196146011353 837
1751368135936 0.07910442352294922 838
1751368142295 0.07048312574625015 839
1751368148753 0.07683628797531128 840
1751368153850 0.08449020981788635 841
1751368169526 0.08858392387628555 842
1751368175976 0.06996423006057739 843
1751368182334 0.09079213440418243 844
1751368188011 0.06738533079624176 845
1751368205356 0.0775039941072464 846
1751368210462 0.0727408304810524 847
1751368216784 0.07062793523073196 848
1751368223234 0.08396659046411514 849
1751368236688 0.09131928533315659 850
1751368242647 0.07435633987188339 851
1751368249179 0.08756820112466812 852
1751368255443 0.08720290660858154 853
1751368264917 0.0780712217092514 854
1751368269066 0.08003246784210205 855
1751368273142 0.07410174608230591 856
1751368277201 0.09046962857246399 857
1751368298861 0.06647531688213348 858
1751368304342 0.0745679959654808 859
1751368310766 0.07775652408599854 860
1751368315718 0.07731053978204727 861
1751368334069 0.08456967771053314 862
1751368338243 0.08198276907205582 863
1751368343377 0.08177076280117035 864
1751368349822 0.08611501008272171 865
1751368365268 0.07459267228841782 866
1751368369870 0.07554682344198227 867
1751368373934 0.0716123953461647 868
1751368377945 0.0880444124341011 869
1751368395688 0.08176615834236145 870
1751368401312 0.07174865901470184 871
1751368405638 0.08223804831504822 872
1751368409687 0.08172834664583206 873
1751368427319 0.09143316745758057 874
1751368431836 0.0788484588265419 875
1751368436766 0.0874704122543335 876
1751368441161 0.07737738639116287 877
1751368460652 0.07941330224275589 878
1751368465052 0.07777341455221176 879
1751368469125 0.08599214255809784 880
1751368473268 0.07470012456178665 881
1751368491883 0.07566765695810318 882
1751368496107 0.08675091713666916 883
1751368501022 0.07128903269767761 884
1751368507356 0.08066798746585846 885
1751368520255 0.08320744335651398 886
1751368526724 0.08887290954589844 887
1751368533080 0.08026282489299774 888
1751368539573 0.09452985972166061 889
1751368547217 0.08625670522451401 890
1751368551251 0.07312457263469696 891
1751368555289 0.08285828679800034 892
1751368559313 0.0828261747956276 893
1751368574821 0.07492075860500336 894
1751368581116 0.08762654662132263 895
1751368587528 0.0761464387178421 896
1751368592157 0.07789444923400879 897
1751368604870 0.07636350393295288 898
1751368611294 0.07601836323738098 899
1751368616752 0.0842166468501091 900
1751368620959 0.07996983826160431 901
1751368637535 0.08110931515693665 902
1751368644041 0.07612185925245285 903
1751368650987 0.08119242638349533 904
1751368657463 0.0817503109574318 905
1751368667479 0.07905935496091843 906
1751368673862 0.07967552542686462 907
1751368680322 0.07099010050296783 908
1751368685680 0.0798502042889595 909
1751368698594 0.08221191167831421 910
1751368705003 0.07103914767503738 911
1751368711349 0.07093091309070587 912
1751368717722 0.07954300940036774 913
1751368725566 0.06997326016426086 914
1751368732005 0.07590481638908386 915
1751368737869 0.07331068813800812 916
1751368744695 0.07687313109636307 917
1751368752279 0.08825710415840149 918
1751368764351 0.09194731712341309 919
1751368770749 0.09759227931499481 920
1751368777151 0.07563512027263641 921
1751368783510 0.09116081893444061 922
1751368793388 0.08468683063983917 923
1751368799769 0.07559632509946823 924
1751368806046 0.08387158811092377 925
1751368813010 0.09804171323776245 926
1751368819953 0.0685366690158844 927
1751368824010 0.0786234438419342 928
1751368830519 0.08770891278982162 929
1751368843205 0.08158369362354279 930
1751368849566 0.07018411159515381 931
1751368856072 0.06514270603656769 932
1751368861850 0.08383019268512726 933
1751368870197 0.08086273074150085 934
1751368880001 0.08190976083278656 935
1751368890365 0.082187220454216 936
1751368896850 0.07701674103736877 937
1751368903260 0.08343459665775299 938
1751368909720 0.07997111976146698 939
1751368921361 0.07710323482751846 940
1751368926643 0.08858193457126617 941
1751368933552 0.07964393496513367 942
1751368941863 0.08065995573997498 943
1751368953450 0.06769417971372604 944
1751368959753 0.09492415934801102 945
1751368966379 0.08291284739971161 946
1751368972698 0.08673667907714844 947
1751368982930 0.08446257561445236 948
1751368989366 0.07152381539344788 949
1751368997947 0.09294534474611282 950
1751369001985 0.08131903409957886 951
1751369013087 0.08131276071071625 952
1751369019577 0.06972150504589081 953
1751369027740 0.0820380374789238 954
1751369034156 0.08775557577610016 955
1751369043462 0.07383941113948822 956
1751369050334 0.07925242930650711 957
1751369059559 0.07925049960613251 958
1751369066185 0.09748921543359756 959
1751369072172 0.08844655752182007 960
1751369078570 0.08745576441287994 961
1751369091698 0.08555464446544647 962
1751369098089 0.07799003273248672 963
1751369104481 0.08127562701702118 964
1751369109175 0.08523440361022949 965
1751369123631 0.08488091826438904 966
1751369128646 0.06755898892879486 967
1751369133885 0.08764876425266266 968
1751369140329 0.07704226672649384 969
1751369158914 0.07760810852050781 970
1751369165567 0.0790603831410408 971
1751369172027 0.07588738203048706 972
1751369176226 0.08076104521751404 973
1751369190539 0.0845358818769455 974
1751369197304 0.07996121793985367 975
1751369203002 0.08437547087669373 976
1751369209135 0.08033858984708786 977
1751369220113 0.06999598443508148 978
1751369227032 0.0728599801659584 979
1751369233314 0.08361486345529556 980
1751369239746 0.0929279774427414 981
1751369252941 0.0738377794623375 982
1751369258863 0.07544504851102829 983
1751369263168 0.07787057012319565 984
1751369267132 0.06774692982435226 985
1751369278766 0.0811195895075798 986
1751369282498 0.07203369587659836 987
1751369286208 0.08551038056612015 988
1751369289568 0.07249373942613602 989
1751369621619 0.08445252478122711 990
1751369626285 0.08114445209503174 991
1751369632725 0.0875772088766098 992
1751369639104 0.07733223587274551 993
1751369650734 0.08015261590480804 994
1751369657758 0.08164451271295547 995
1751369664019 0.07923559844493866 996
1751369670379 0.07321176677942276 997
1751369681194 0.08222156763076782 998
1751369687586 0.08337047696113586 999
1751369693929 0.08087390661239624 1000
1751369700339 0.07323887944221497 1001
1751369712977 0.06675851345062256 1002
1751369720492 0.0662960410118103 1003
1751369726307 0.07710054516792297 1004
1751369732770 0.07803162187337875 1005
1751369740848 0.07665041089057922 1006
1751369755044 0.08350646495819092 1007
1751369761456 0.08219452202320099 1008
1751369767945 0.08344557881355286 1009
1751369774320 0.08926960080862045 1010
1751369782918 0.07891198992729187 1011
1751369789401 0.07832545787096024 1012
1751369795769 0.07711148262023926 1013
1751369801150 0.08283773064613342 1014
1751369816064 0.0876295268535614 1015
1751369822481 0.0691874697804451 1016
1751369828949 0.06348331272602081 1017
1751369833934 0.06539510935544968 1018
1751369848351 0.08029167354106903 1019
1751369854655 0.08811410516500473 1020
1751369860973 0.07824268192052841 1021
1751369865867 0.08008421957492828 1022
1751369877317 0.08811407536268234 1023
1751369883810 0.07950616627931595 1024
1751369890661 0.08069510012865067 1025
1751369899195 0.08042632788419724 1026
1751369905737 0.0720747858285904 1027
1751369910529 0.0819360613822937 1028
1751369914663 0.08215473592281342 1029
1751369931820 0.08452793955802917 1030
1751369936228 0.07113636285066605 1031
1751369940227 0.0644739419221878 1032
1751369946667 0.07315098494291306 1033
1751369965227 0.08200978487730026 1034
1751369970515 0.08041378855705261 1035
1751369977020 0.09753566980361938 1036
1751369983433 0.07144050300121307 1037
1751369994903 0.0862068310379982 1038
1751370001201 0.07977405190467834 1039
1751370007635 0.075205497443676 1040
1751370013361 0.07975496351718903 1041
1751370021353 0.07813923060894012 1042
1751370029085 0.08872571587562561 1043
1751370035316 0.06616184860467911 1044
1751370040730 0.07847167551517487 1045
1751370051500 0.08112241327762604 1046
1751370061344 0.08835449814796448 1047
1751370065522 0.08326035737991333 1048
1751370069613 0.09174567461013794 1049
1751370085097 0.08370789885520935 1050
1751370096458 0.08738460391759872 1051
1751370101074 0.07843148708343506 1052
1751370105204 0.08007531613111496 1053
1751370112488 0.07765667140483856 1054
1751370127071 0.07355614751577377 1055
1751370133410 0.0898972749710083 1056
1751370137567 0.08183223754167557 1057
1751370145842 0.07315635681152344 1058
1751370156731 0.0777481198310852 1059
1751370161587 0.0814204141497612 1060
1751370166085 0.0751791000366211 1061
1751370179578 0.08281324058771133 1062
1751370185968 0.08679362386465073 1063
1751370191484 0.08722640573978424 1064
1751370195813 0.08996051549911499 1065
1751370212386 0.07893234491348267 1066
1751370221314 0.08720488101243973 1067
1751370225496 0.0756068155169487 1068
1751370229683 0.08063718676567078 1069
1751370239278 0.09317013621330261 1070
1751370254005 0.06715197116136551 1071
1751370258015 0.07698547095060349 1072
1751370264406 0.0729580968618393 1073
1751370270813 0.08232226967811584 1074
1751370285587 0.076054148375988 1075
1751370290115 0.08041730523109436 1076
1751370294298 0.0832064226269722 1077
1751370298407 0.09623745083808899 1078
1751370315556 0.09945067763328552 1079
1751370321032 0.08747898042201996 1080
1751370325554 0.08476162701845169 1081
1751370335689 0.07993888109922409 1082
1751370346147 0.07611940801143646 1083
1751370351881 0.08112765103578568 1084
1751370355904 0.0724276453256607 1085
1751370362398 0.08457052707672119 1086
1751370376688 0.08538996428251266 1087
1751370383108 0.08172615617513657 1088
1751370389020 0.07533998787403107 1089
1751370393786 0.0767672061920166 1090
1751370403869 0.0915529653429985 1091
1751370410783 0.07978065311908722 1092
1751370417194 0.08298337459564209 1093
1751370427084 0.06841114163398743 1094
1751370431097 0.06611251831054688 1095
1751370435387 0.07480065524578094 1096
1751370441225 0.07467256486415863 1097
1751370462258 0.07629723101854324 1098
1751370468748 0.09217517077922821 1099
1751370473230 0.08642732352018356 1100
1751370477396 0.08085469156503677 1101
1751370489287 0.08277071267366409 1102
1751370502133 0.08614487946033478 1103
1751370506319 0.08721376955509186 1104
1751370510608 0.08008061349391937 1105
1751370515489 0.08441134542226791 1106
1751370533826 0.0861094743013382 1107
1751370538890 0.08519506454467773 1108
1751370543026 0.0654941275715828 1109
1751370547094 0.07517842948436737 1110
1751370562925 0.08503282070159912 1111
1751370568189 0.07829835265874863 1112
1751370574644 0.08143646270036697 1113
1751370582093 0.08318473398685455 1114
1751370594950 0.07392361015081406 1115
1751370599774 0.07582657039165497 1116
1751370603755 0.06397666037082672 1117
1751370613492 0.08905097097158432 1118
1751370623878 0.08324982225894928 1119
1751370629862 0.07203204929828644 1120
1751370635667 0.06773504614830017 1121
1751370642470 0.07561969012022018 1122
1751370657564 0.0961027517914772 1123
1751370664031 0.08489326387643814 1124
1751370670438 0.07197454571723938 1125
1751370675837 0.09341869503259659 1126
1751370684627 0.0712011530995369 1127
1751370688663 0.07008779793977737 1128
1751370692696 0.06888307631015778 1129
1751370702202 0.07458347827196121 1130
1751370716931 0.08840665966272354 1131
1751370723732 0.08969037979841232 1132
1751370730088 0.07339944690465927 1133
1751370734870 0.08171574771404266 1134
1751370745894 0.07377123087644577 1135
1751370752382 0.08656742423772812 1136
1751370758785 0.09186895191669464 1137
1751370765216 0.07497172802686691 1138
1751370778383 0.0782158151268959 1139
1751370784758 0.0889129638671875 1140
1751370789227 0.07107998430728912 1141
1751370795467 0.09259895980358124 1142
1751370806611 0.0895388275384903 1143
1751370812971 0.07203229516744614 1144
1751370819847 0.07849083840847015 1145
1751370824634 0.0772060751914978 1146
1751370838460 0.0779610127210617 1147
1751370843724 0.08366227895021439 1148
1751370848050 0.08111472427845001 1149
1751370852454 0.07950220257043839 1150
1751370864344 0.08286232501268387 1151
1751370868077 0.07508599758148193 1152
1751370871810 0.0816185399889946 1153
1751370875204 0.08932344615459442 1154
1751371205993 0.073567695915699 1155
1751371212290 0.08642145991325378 1156
1751371217366 0.08169935643672943 1157
1751371221291 0.0838179886341095 1158
1751371235472 0.09272896498441696 1159
1751371241839 0.05968631058931351 1160
1751371248157 0.08350865542888641 1161
1751371254456 0.0731753259897232 1162
1751371264492 0.07614340633153915 1163
1751371270869 0.07592765241861343 1164
1751371277247 0.08457290381193161 1165
1751371283645 0.07599745690822601 1166
1751371293202 0.07766319066286087 1167
1751371301575 0.07223250716924667 1168
1751371307950 0.08658786118030548 1169
1751371314466 0.09838461875915527 1170
1751371325692 0.08570374548435211 1171
1751371332495 0.07264433801174164 1172
1751371336554 0.09738374501466751 1173
1751371340560 0.08321641385555267 1174
1751371358023 0.08438178896903992 1175
1751371364446 0.08159027248620987 1176
1751371369314 0.08117262274026871 1177
1751371375631 0.06864193826913834 1178
1751371384725 0.07554960250854492 1179
1751371393594 0.0856928676366806 1180
1751371399993 0.06944618374109268 1181
1751371406327 0.08167503029108047 1182
1751371417658 0.06743922084569931 1183
1751371424653 0.0840815007686615 1184
1751371431422 0.09026912599802017 1185
1751371437306 0.08222591876983643 1186
1751371449620 0.07173670083284378 1187
1751371456156 0.07555007189512253 1188
1751371461980 0.0855531096458435 1189
1751371468531 0.0677034929394722 1190
1751371479214 0.07563558965921402 1191
1751371489264 0.08118408918380737 1192
1751371495661 0.0644163265824318 1193
1751371502146 0.06979689002037048 1194
1751371508674 0.07789655029773712 1195
1751371521569 0.07004453241825104 1196
1751371527989 0.09238496422767639 1197
1751371534360 0.07733659446239471 1198
1751371541175 0.07451892644166946 1199
1751371551087 0.08642826229333878 1200
1751371557585 0.08390434831380844 1201
1751371564001 0.07889723777770996 1202
1751371570276 0.08064770698547363 1203
1751371580657 0.08498384803533554 1204
1751371587118 0.07061974704265594 1205
1751371593540 0.08607682585716248 1206
1751371599956 0.07270167022943497 1207
1751371610652 0.08711910247802734 1208
1751371616980 0.09164206683635712 1209
1751371623405 0.09112522751092911 1210
1751371629742 0.09109821915626526 1211
1751371637561 0.07617900520563126 1212
1751371644152 0.08567684888839722 1213
1751371650272 0.08098398894071579 1214
1751371661766 0.07969416677951813 1215
1751371668209 0.07537419348955154 1216
1751371674569 0.09444399178028107 1217
1751371681008 0.09357953071594238 1218
1751371687437 0.08462467044591904 1219
1751371697824 0.08396854996681213 1220
1751371706601 0.08846355229616165 1221
1751371713067 0.06387549638748169 1222
1751371723701 0.08985428512096405 1223
1751371729871 0.07104867696762085 1224
1751371738467 0.0796060785651207 1225
1751371744831 0.08290235698223114 1226
1751371756971 0.08733081817626953 1227
1751371763494 0.08258897811174393 1228
1751371769898 0.08922228217124939 1229
1751371776321 0.08554761856794357 1230
1751371789182 0.07668862491846085 1231
1751371794832 0.0826958417892456 1232
1751371799600 0.07268086820840836 1233
1751371803598 0.07669517397880554 1234
1751371820294 0.07967326790094376 1235
1751371826554 0.06460733711719513 1236
1751371832596 0.08482273668050766 1237
1751371839054 0.08162494748830795 1238
1751371859115 0.0779055580496788 1239
1751371864326 0.07978906482458115 1240
1751371868487 0.07944410294294357 1241
1751371874960 0.08544743061065674 1242
1751371887500 0.07817674428224564 1243
1751371893836 0.0930139422416687 1244
1751371899110 0.08089921623468399 1245
1751371903099 0.0783015787601471 1246
1751371914403 0.0873345136642456 1247
1751371918530 0.08526746928691864 1248
1751371922583 0.09458155930042267 1249
1751371926611 0.07740594446659088 1250
1751371944646 0.07981820404529572 1251
1751371948985 0.08748157322406769 1252
1751371953786 0.07791387289762497 1253
1751371960088 0.07951844483613968 1254
1751371975588 0.08037622272968292 1255
1751371981797 0.0803547278046608 1256
1751371988107 0.08390938490629196 1257
1751371994503 0.08894169330596924 1258
1751372002736 0.07267144322395325 1259
1751372014176 0.08243425190448761 1260
1751372020678 0.08432582020759583 1261
1751372027100 0.08751849830150604 1262
1751372036472 0.09759622812271118 1263
1751372043756 0.07260321825742722 1264
1751372048276 0.07536157220602036 1265
1751372053323 0.07260096073150635 1266
1751372067711 0.08634097874164581 1267
1751372074125 0.08653257042169571 1268
1751372080498 0.07775689661502838 1269
1751372086899 0.08161889761686325 1270
1751372096387 0.08056946098804474 1271
1751372101073 0.07830250263214111 1272
1751372111460 0.07842064648866653 1273
1751372117913 0.08255211263895035 1274
1751372124379 0.06928855925798416 1275
1751372130903 0.07709191739559174 1276
1751372144016 0.09429047256708145 1277
1751372150516 0.08609136193990707 1278
1751372159025 0.07304485142230988 1279
1751372165410 0.077815942466259 1280
1751372172550 0.08170762658119202 1281
1751372176751 0.06849551200866699 1282
1751372189489 0.07766100019216537 1283
1751372199055 0.09081387519836426 1284
1751372203853 0.06586863845586777 1285
1751372210309 0.08317679911851883 1286
1751372221843 0.06131095811724663 1287
1751372228226 0.09078577905893326 1288
1751372234608 0.06852079927921295 1289
1751372241132 0.08166155219078064 1290
1751372254994 0.07765493541955948 1291
1751372261828 0.08635225892066956 1292
1751372265990 0.07095564156770706 1293
1751372272314 0.07495341449975967 1294
1751372284653 0.0833807960152626 1295
1751372290506 0.07243304699659348 1296
1751372296925 0.07455798238515854 1297
1751372303359 0.0765509307384491 1298
1751372310216 0.09046024084091187 1299
1751372319832 0.08771577477455139 1300
1751372323969 0.08482635021209717 1301
1751372328129 0.09164004772901535 1302
1751372344409 0.07181023061275482 1303
1751372351598 0.07321379333734512 1304
1751372355654 0.07092517614364624 1305
1751372362521 0.06793602555990219 1306
1751372375079 0.07761571556329727 1307
1751372385216 0.07134179770946503 1308
1751372389530 0.07619217783212662 1309
1751372393820 0.07633870095014572 1310
1751372404235 0.05962204188108444 1311
1751372414820 0.09105634689331055 1312
1751372418862 0.07670523226261139 1313
1751372422875 0.07562018930912018 1314
1751372431801 0.07125858962535858 1315
1751372441505 0.09576086699962616 1316
1751372448190 0.0702696293592453 1317
1751372451983 0.08530882000923157 1318
1751372455699 0.07843641191720963 1319
1751372774912 0.07958243042230606 1320
1751372781297 0.09055754542350769 1321
1751372785539 0.08359277248382568 1322
1751372791966 0.08285192400217056 1323
1751372807389 0.08746337890625 1324
1751372813728 0.08100224286317825 1325
1751372820082 0.07690317183732986 1326
1751372826497 0.07969172298908234 1327
1751372833786 0.07499478757381439 1328
1751372840111 0.06537256389856339 1329
1751372846726 0.08604555577039719 1330
1751372852037 0.09076857566833496 1331
1751372862036 0.0861254408955574 1332
1751372869025 0.07222500443458557 1333
1751372878434 0.07364707440137863 1334
1751372884840 0.07399623841047287 1335
1751372891381 0.07386238873004913 1336
1751372902216 0.08157092332839966 1337
1751372906323 0.07599329948425293 1338
1751372910465 0.07534985989332199 1339
1751372927685 0.0999499261379242 1340
1751372934221 0.09015417844057083 1341
1751372940474 0.08737705647945404 1342
1751372946933 0.06771411746740341 1343
1751372958228 0.08198095113039017 1344
1751372964572 0.08254103362560272 1345
1751372971198 0.0749901607632637 1346
1751372975297 0.08672645688056946 1347
1751372991817 0.09171276539564133 1348
1751372998227 0.08057636022567749 1349
1751373003295 0.08825430274009705 1350
1751373009712 0.07333705574274063 1351
1751373018280 0.08191294968128204 1352
1751373023980 0.07649169117212296 1353
1751373029767 0.0854608416557312 1354
1751373035989 0.08569292724132538 1355
1751373050444 0.06391413509845734 1356
1751373056866 0.0771365761756897 1357
1751373062509 0.08079587668180466 1358
1751373066808 0.08368230611085892 1359
1751373082176 0.08328922092914581 1360
1751373088588 0.07584483176469803 1361
1751373095010 0.07764004915952682 1362
1751373101434 0.08375704288482666 1363
1751373112701 0.0783260241150856 1364
1751373116784 0.07076132297515869 1365
1751373121264 0.08022958040237427 1366
1751373126089 0.08579275012016296 1367
1751373144098 0.087180957198143 1368
1751373150492 0.06997617334127426 1369
1751373154644 0.06652303785085678 1370
1751373158654 0.07515744864940643 1371
1751373178804 0.08236096799373627 1372
1751373182866 0.08082300424575806 1373
1751373186863 0.06681625545024872 1374
1751373190855 0.07726534456014633 1375
1751373213604 0.0787978395819664 1376
1751373220022 0.06590937823057175 1377
1751373224771 0.07032212615013123 1378
1751373229860 0.07932128757238388 1379
1751373240949 0.07771263271570206 1380
1751373247341 0.07561042904853821 1381
1751373253159 0.07926706224679947 1382
1751373259349 0.07547810673713684 1383
1751373275037 0.0904601514339447 1384
1751373281440 0.08413828909397125 1385
1751373286707 0.0755707174539566 1386
1751373290708 0.07748470455408096 1387
1751373306429 0.0882113128900528 1388
1751373312782 0.07265307754278183 1389
1751373319236 0.08251257985830307 1390
1751373325557 0.08418525755405426 1391
1751373336836 0.07781700789928436 1392
1751373343291 0.07520522177219391 1393
1751373349676 0.08409535139799118 1394
1751373356048 0.09031061083078384 1395
1751373370020 0.07285264879465103 1396
1751373374052 0.07494543492794037 1397
1751373378200 0.0910564512014389 1398
1751373382580 0.07379966974258423 1399
1751373398108 0.07743246108293533 1400
1751373404657 0.09068099409341812 1401
1751373411137 0.0753980353474617 1402
1751373417671 0.0786128118634224 1403
1751373429176 0.07943545281887054 1404
1751373435536 0.06948664039373398 1405
1751373442036 0.08429035544395447 1406
1751373448353 0.0793011337518692 1407
1751373461932 0.07388918101787567 1408
1751373468250 0.08710265159606934 1409
1751373474584 0.08705081045627594 1410
1751373481041 0.08990468084812164 1411
1751373492563 0.07666464149951935 1412
1751373497844 0.0741410031914711 1413
1751373503686 0.08819147944450378 1414
1751373507766 0.0813087522983551 1415
1751373524506 0.0816861167550087 1416
1751373530522 0.07721449434757233 1417
1751373536533 0.07002847641706467 1418
1751373540648 0.08053811639547348 1419
1751373557021 0.10012144595384598 1420
1751373561834 0.08797015249729156 1421
1751373565964 0.0815032497048378 1422
1751373572352 0.081583172082901 1423
1751373584259 0.07892651855945587 1424
1751373590619 0.06539537012577057 1425
1751373597302 0.07090841233730316 1426
1751373601968 0.08954104781150818 1427
1751373619253 0.07187522202730179 1428
1751373625033 0.07001376897096634 1429
1751373630694 0.0698777288198471 1430
1751373634914 0.0813402384519577 1431
1751373649357 0.08080580830574036 1432
1751373655736 0.06586814671754837 1433
1751373662065 0.07323110848665237 1434
1751373668572 0.08840421587228775 1435
1751373679891 0.09357162564992905 1436
1751373684721 0.08463309705257416 1437
1751373691171 0.09366163611412048 1438
1751373698065 0.07851991057395935 1439
1751373712141 0.07757417857646942 1440
1751373716776 0.07814951241016388 1441
1751373720950 0.08743482828140259 1442
1751373727312 0.07647043466567993 1443
1751373740542 0.08267223089933395 1444
1751373746587 0.09404940158128738 1445
1751373753046 0.07390425354242325 1446
1751373759500 0.07637827098369598 1447
1751373770839 0.07897547632455826 1448
1751373777213 0.08606285601854324 1449
1751373783044 0.08325961232185364 1450
1751373787896 0.07642751932144165 1451
1751373796516 0.08206724375486374 1452
1751373802138 0.08647312223911285 1453
1751373808563 0.09582009166479111 1454
1751373815040 0.07225699722766876 1455
1751373825014 0.08038285374641418 1456
1751373831314 0.09150991588830948 1457
1751373837791 0.07113074511289597 1458
1751373844219 0.07424674183130264 1459
1751373852772 0.08575090765953064 1460
1751373856828 0.07567054033279419 1461
1751373868666 0.07531628757715225 1462
1751373875067 0.07607707381248474 1463
1751373882518 0.08707457035779953 1464
1751373888905 0.07048925757408142 1465
1751373904938 0.07892584800720215 1466
1751373909937 0.09876226633787155 1467
1751373915730 0.08973114937543869 1468
1751373919939 0.0934877023100853 1469
1751373933571 0.07453644275665283 1470
1751373940018 0.07717534899711609 1471
1751373947326 0.08990363776683807 1472
1751373953751 0.09514722973108292 1473
1751373968233 0.0698264092206955 1474
1751373973453 0.09365679323673248 1475
1751373979888 0.07971302419900894 1476
1751373984557 0.06981715559959412 1477
1751373994734 0.07601214945316315 1478
1751373999698 0.08748704940080643 1479
1751374004599 0.07705588638782501 1480
1751374008847 0.072014719247818 1481
1751374021409 0.0903005376458168 1482
1751374025140 0.07640527933835983 1483
1751374028498 0.08622265607118607 1484
1751374364524 0.07476933300495148 1485
1751374368558 0.07811571657657623 1486
1751374372530 0.07918514311313629 1487
1751374376543 0.09009304642677307 1488
1751374390530 0.07981870323419571 1489
1751374398431 0.07373514026403427 1490
1751374404796 0.07450447231531143 1491
1751374411203 0.07998833060264587 1492
1751374418346 0.07774987816810608 1493
1751374432352 0.07949816435575485 1494
1751374438700 0.07736048102378845 1495
1751374445152 0.08070949465036392 1496
1751374451528 0.08938346803188324 1497
1751374460353 0.0802898034453392 1498
1751374464353 0.08195353299379349 1499
1751374469259 0.08063424378633499 1500
1751374476851 0.07634947448968887 1501
1751374494999 0.07444825023412704 1502
1751374501402 0.09898266196250916 1503
1751374507799 0.07464061677455902 1504
1751374514249 0.08334516733884811 1505
1751374521950 0.08435093611478806 1506
1751374528322 0.08430881053209305 1507
1751374534775 0.07638005167245865 1508
1751374541124 0.07871992886066437 1509
1751374554539 0.06227771192789078 1510
1751374560828 0.0839342400431633 1511
1751374567261 0.07129573822021484 1512
1751374572173 0.07841971516609192 1513
1751374585047 0.08453574776649475 1514
1751374591535 0.07305446267127991 1515
1751374597855 0.0763358473777771 1516
1751374601941 0.07442094385623932 1517
1751374615332 0.060107942670583725 1518
1751374621929 0.07741343975067139 1519
1751374628363 0.07495035231113434 1520
1751374634692 0.07528196275234222 1521
1751374644478 0.08242763578891754 1522
1751374650793 0.08711156994104385 1523
1751374657255 0.07421890646219254 1524
1751374663604 0.07241813093423843 1525
1751374675243 0.08309878408908844 1526
1751374681664 0.08207622915506363 1527
1751374686571 0.08031938970088959 1528
1751374692987 0.07076364755630493 1529
1751374706309 0.07949957251548767 1530
1751374712753 0.08606520295143127 1531
1751374719180 0.0870882123708725 1532
1751374725952 0.0802232027053833 1533
1751374735061 0.07804243266582489 1534
1751374741543 0.08007187396287918 1535
1751374748117 0.08061689138412476 1536
1751374757880 0.07812024652957916 1537
1751374764334 0.08559481799602509 1538
1751374770800 0.07633331418037415 1539
1751374776997 0.08272573351860046 1540
1751374785753 0.08515086024999619 1541
1751374797994 0.07506818324327469 1542
1751374804340 0.07558637112379074 1543
1751374810805 0.08691690862178802 1544
1751374820443 0.08271469920873642 1545
1751374831833 0.08488435298204422 1546
1751374838320 0.08738476037979126 1547
1751374844676 0.083354152739048 1548
1751374851034 0.07591268420219421 1549
1751374864338 0.07373015582561493 1550
1751374870680 0.09432164579629898 1551
1751374877158 0.09164232015609741 1552
1751374883503 0.07819955050945282 1553
1751374892079 0.09258156269788742 1554
1751374896920 0.07393889129161835 1555
1751374901525 0.08140019327402115 1556
1751374906761 0.064755380153656 1557
1751374922778 0.08100578933954239 1558
1751374929494 0.08921026438474655 1559
1751374935975 0.07640417665243149 1560
1751374942368 0.08475718647241592 1561
1751374957612 0.08710908889770508 1562
1751374964076 0.06933633983135223 1563
1751374969828 0.09620232880115509 1564
1751374973834 0.0692448616027832 1565
1751374988026 0.0756240263581276 1566
1751374994453 0.06571605056524277 1567
1751375000848 0.07708343118429184 1568
1751375007234 0.08237114548683167 1569
1751375020775 0.07381846010684967 1570
1751375027167 0.07706954330205917 1571
1751375033578 0.09101307392120361 1572
1751375040422 0.07139308750629425 1573
1751375047849 0.0716354101896286 1574
1751375054240 0.07457292824983597 1575
1751375060629 0.0816107913851738 1576
1751375067102 0.0820712074637413 1577
1751375074648 0.08211496472358704 1578
1751375081086 0.07774166762828827 1579
1751375085133 0.0770173892378807 1580
1751375090774 0.08234527707099915 1581
1751375105363 0.07403179258108139 1582
1751375111810 0.08025215566158295 1583
1751375118281 0.08307839930057526 1584
1751375124209 0.08947399258613586 1585
1751375134891 0.07225491851568222 1586
1751375141308 0.07346080243587494 1587
1751375147698 0.07524022459983826 1588
1751375154019 0.0887078046798706 1589
1751375161278 0.07182758301496506 1590
1751375171460 0.0732983648777008 1591
1751375177797 0.09026923030614853 1592
1751375184128 0.0787799134850502 1593
1751375190549 0.07365911453962326 1594
1751375208809 0.0838998332619667 1595
1751375215185 0.07338295876979828 1596
1751375221704 0.07102221250534058 1597
1751375225705 0.07640732824802399 1598
1751375241726 0.08278170228004456 1599
1751375248068 0.08645440638065338 1600
1751375254406 0.07422637939453125 1601
1751375260790 0.08281761407852173 1602
1751375271169 0.07882415503263474 1603
1751375277633 0.07955829799175262 1604
1751375284047 0.08632822334766388 1605
1751375290522 0.0937870442867279 1606
1751375299947 0.07265841960906982 1607
1751375308978 0.07934163510799408 1608
1751375315373 0.08488409221172333 1609
1751375321747 0.07671317458152771 1610
1751375328402 0.08236852288246155 1611
1751375340170 0.09682970494031906 1612
1751375346947 0.08710578083992004 1613
1751375353266 0.08632436394691467 1614
1751375359579 0.0948372557759285 1615
1751375373535 0.08246134966611862 1616
1751375379904 0.09203647077083588 1617
1751375386321 0.08013719320297241 1618
1751375392753 0.07408946007490158 1619
1751375407838 0.07341734319925308 1620
1751375413524 0.0879044309258461 1621
1751375417638 0.07786659151315689 1622
1751375424003 0.08926180750131607 1623
1751375436213 0.0860135480761528 1624
1751375442560 0.08354507386684418 1625
1751375449374 0.08144624531269073 1626
1751375455918 0.08344031870365143 1627
1751375472005 0.07923193275928497 1628
1751375476029 0.07511579990386963 1629
1751375480054 0.08105944097042084 1630
1751375484097 0.08595039695501328 1631
1751375504055 0.08998234570026398 1632
1751375510412 0.0783764123916626 1633
1751375516709 0.08569084852933884 1634
1751375522685 0.08216729760169983 1635
1751375533355 0.08399558067321777 1636
1751375537667 0.0730351060628891 1637
1751375544123 0.07933486998081207 1638
1751375550877 0.09469589591026306 1639
1751375565702 0.06752168387174606 1640
1751375572128 0.06769649684429169 1641
1751375577236 0.08704952150583267 1642
1751375581183 0.07819262146949768 1643
1751375591310 0.08747899532318115 1644
1751375595100 0.08391423523426056 1645
1751375598844 0.07754781097173691 1646
1751375602589 0.0760360062122345 1647
1751375615787 0.07710932195186615 1648
1751375619141 0.06734917312860489 1649
